2220032
2
222003203
23003141
30012212
300122123
3323003
111413
1114133
1412303
23
311001113
4310303
11141123
141230111
21332
320012321
13130141
21332003
11403302
131111
3113
131114
3113003
2422211
200114222
11403311
31113221
31100114
311001143
330302
3211322
33030203
2133203
320144
32441
131141
311303
131144
3113033
133202
133202003
23003222
142214
11141213
24422
300122213
31313111
14123111
112132202
111422
13320203
1114223
113
3021221
30212213
300122231
11141132
11213222
200114303
1114241
114000002
131
311001221
134
32114
3211403
3111323
21332111
24314
1140341
11400002
131222
114000023
20011433
412223
33030302
114000032
3302033
3221111
114131111
301433
32211113
22400222
3303032
3113141
11141303
3001223
300122303
2222
2300333
222200003
3221114
111431
1114313
203
1113131
111313103
1442
1442003
413303
30012233
1114331
2223311
22220003
224
222200033
111434
30114023
233
11131313
200114411
144203
30114032
114000113
242
311001332
3302
20044211
33023
13133
114000131
131333
114000134
33032
4112411
114000143
22433
142410002
23003411
32211221
311324
11141402
300122402
11141411
14241002
2333111
231113
300122411
1114142
30002411
222200111
1121324
300024113
222200114
30012242
1114421
311
314
111313211
2003111
3011411
1442111
30114113
31100141
213320003
11131322
311001413
23111303
1140002
114000203
30002414
222200141
14113211
30114131
31133
341
3311
3113303
344
33113
20031113
3011414
200311133
31100144
1141313
11400023
411242
114000233
3441002
33131
33134
131441
114000242
3314
33143
1332023
3000242
1311113
300024203
31130003
231113111
320111
30114203
300024221
222200222
144221
422
1311143
222233
14100113
200311211
141001133
213320111
123212
31130033
434
12321203
3011423
114000311
320111033
114000314
443
3143111
20444
3113411
33221
33224
200311241
4130411
3323
33233
11331221
114000341
1424102
33242
14300003
33112112
143000033
322241
2222003
222200303
1311221
300024311
1113134
14423
30114302
31130111
34112
31130114
34112003
30114311
30330113
1321211
132121103
3011432
33302
311231
141001241
200311322
311231003
31130141
3411203
33311
33314
2003441
320111141
114000422
3332
13212113
33323
23311211
114000431
34412
143000114
330302003
33332
31123103
33341
44132
20303111
203031113
232331
143000141
2311133
30311
30002441
30311003
203222
14100131
2032223
141001313
311100002
1311332
2003114
3011441
200311403
31130222
34112111
230003
1410341
320111222
311100023
30311033
132121211
14100134
12223103
3341
33413
20031143
311231111
314213
1232411
30202331
230033
3311213
33431
44303
1222313
143000222
330302111
3344
21122321
1311413
303203
303203003
30330131
31130303
43320002
3201113
30311111
414221
30311114
2032331
141001421
311100113
3411221
30311123
4332002
14100143
144311
30311132
230111
230114
311100131
30311141
311100134
12223211
1430003
143000303
11423
114230003
30222002
302220023
230141
230144
14300033
11423003
224141
14222102
303203111
1422212
311100203
341123
30311213
320111411
30311222
1321214
30311231
30344
3112313
31110023
24413
311100233
311133002
13130222
230222
11404112
302220113
311100242
1224221
143000411
3303023
114230111
1140413
302220131
20303141
13403
13403003
1422221
303113
30311303
433202
411141002
112133003
311100302
111412112
1340303
311100311
311100314
2303
230303
31110032
3031133
311100323
11213303
122234
302220203
311100332
242222
321221
311100341
31113311
200222
23033
224003003
1140422
230333
33031103
30222023
33031112
33020411
321224
23004113
1410002
11341103
20022233
3303113
142223
3032033
31241111
13403111
30311402
2300414
34223
30311411
112133111
22200422
311100413
311100422
32001332
230411
230414
311100431
3111332
132113
3114002
1140431
302220311
1142303
30222032
3212321
311402
20022311
230441
20022314
33031211
13214
132143
3114032
133203002
11142203
23004221
1410113
11142212
20022341
13320302
1412411
4111412
111314003
432221
11141231
1112
30012323
1410143
222332
204113
204113003
31100222
1133
11131403
311002223
2133311
302122103
241403
233211002
132221
311411
132224
3114113
2000003
20411303
1314113
23321102
3303131
211322
3114131
20022422
14102
1410203
311414
200003
2000033
134033
13320311
11142311
141242
21132203
1410224
1121333
141023
34211
1410233
1443002
34211003
111314111
1410242
1223
3021332
144302
413
4130003
3421103
204113111
31142
1241
311002331
1244
4142
302122211
1134113
330314
11400113
132332
114001133
413003
2000111
4130033
2000114
311423
2300441
3221222
4142003
211322111
1332032
300320003
1410311
1410314
2000141
304121102
202442
30012341
141002003
22220111
222201113
4110431
30412112
1313
11131421
34211111
14100203
141002033
1334
34103
13241
132413
3114302
4130111
2332112
4130114
3114311
4123211
41420111
44402
3413
32114003
34133
13244
114001241
1424111
4130141
2000222
432113
2033003
2411411
1410413
300320111
303302
300320114
303302003
1410422
1113143
23111411
141002111
14432
141002114
230000003
1412
222201221
1432103
2033033
1421
30330203
14441
20031221
2041133
200312213
131414
1433
3311003
141002141
11400131
114001313
34214
311441
3422
4130222
20031224
331103
3311033
11400134
32114111
34241
133400003
200033
2000333
3041213
14321111
2033114
300320222
303302111
342113
3113111
31131113
34113002
141002222
230000111
320112113
230000114
2033141
30443
41303
3311102
4130303
14100224
200312321
344000003
3113114
1232231
3311111
34313
3311114
414203
114001421
123242
34322
3311123
14300111
143001113
413033
34331
3311132
2000414
4132202
3311141
142313
11241002
300320303
300222002
14300114
2000441
2000444
141002303
22220141
30022202
2033222
300222023
11241032
30032033
1312331
3331211
300222032
141330002
31131221
3411311
131303
14100233
131303003
320112221
230000222
13212221
34403
14133002
12224102
31123211
344000111
34421
3311222
1222412
3443
322111103
212240003
143001221
33030311
143213
2033303
11241113
300320411
3033023
21224003
300222113
112232102
141002411
2300003
3031211
230000303
341132
30312113
203333
300222131
14100242
11223212
23111
3311303
31110113
3031214
311101133
32411003
1222421
311101142
230033111
122423
3131
331133
313100003
23114
231143
322111211
1334003
212240111
112412
11241203
3002222
300222203
3132311
31310003
313100033
2033411
111413003
433211
1124123
3200141
30022223
320014103
333023
32011241
230000411
30312221
230000414
324110111
33004112
3031223
311101223
3311402
122243
32001413
3311411
231221
231224
311101241
331142
32311103
14300141
33032003
11423111
30222113
1310411
131041103
313100114
11241302
3231113
3303203
11241311
30422
222300002
304220003
300222311
1124132
13104113
1122323
313100141
30022232
34310003
22230002
111413111
200411
311003003
31110131
222300032
311101313
320014211
1313033
214322
3431003
3111341
20041103
311003033
31110134
23300003
412241
32311211
2122403
33032111
214403
131041211
2330003
11143103
23300033
3001241
300124103
313133
1340411
304220111
222300113
2003
4111421
30214103
3241103
11213411
34310111
11102
30012413
111020003
311101412
311003111
311003114
124211
311101421
12421103
2033
23141
231413
31110143
314411
30222131
111020033
42240002
200411141
32213
1242113
32213003
3131003
22400411
313100303
23144
20023313
23300114
4224002
33122102
411011102
301140002
14420003
3221303
2223002
31310033
11143211
2002334
23300141
41101112
411011123
30114002
301140023
1121342
141113
411011132
1411133
2111
3200144
2114
30214211
22230023
132221003
111020111
111020114
3410003
311003222
12421211
2141
2144
13322
13222103
133223
323114
330323
111020141
11400203
111020144
114002033
32213111
1310414
313100411
20023421
23300222
23333
3042203
411011213
14420111
301140113
222300311
343103
411011231
22230032
301140131
3110033
200411303
2011322
1411241
201132203
2141411
141134
132221111
12323
12323003
111020222
114002111
133313
20041133
203000003
20113223
422402
30212321
233003
23300303
3312212
133331
1232303
2001113
114002141
20300003
142412
203000033
4110113
21132311
411011303
2330033
1313003
141131
3001244
1411313
200114
2001143
30411002
302144
41101133
3421211
30411023
330002
311003411
201132311
124214
133403
2333
33002
31133111
12323111
4131113
11102033
111020333
114002222
203000111
330032
203000114
1133141
4142111
23300411
11400224
413114
2001221
2001224
411011402
203000141
301140302
14322002
411011411
1411412
30032111
1313111
300321113
1313114
41101142
1411421
1432202
14100311
141003113
2411
30330302
23141003
30032114
1313141
2423
111020411
1140023
111020414
114002303
330113
14100314
2441
2444
233114
114330002
330131
4131221
330134
111020441
11400233
3311231
203000222
330143
11433002
203033
203033003
2001332
203411
231410111
304112
2034113
30411203
300321221
1313222
141003221
23000111
1232102
230001113
123210203
203414
3041123
431000033
123233
20031332
114002411
2030003
331211
203000303
330224
3312113
23000114
12321023
230001143
330233
33131003
200141
2001413
20300033
331214
203000333
43313
2012213
20122133
13340111
1313303
143222
3033032
2001443
30411302
31132202
2034221
30411311
311102
311102003
341141
3041132
3113222
42212
33000002
422120003
32011322
230001221
123210311
230001224
3112331
431000141
31110203
311102033
413141
3300002
34400111
33000023
1143302
203000411
330332
3312221
42212003
30304112
20122211
330341
20122214
33131111
14300222
112421
11242103
203000441
2314103
20122241
30032141
1313411
300223112
303131
30313103
43322
14100341
332303
30022313
1413311
14120003
311102111
141200033
311102114
3031313
13241003
330413
13130411
422120111
302222
33000113
302222003
230001332
330422
311102141
330431
41324
33000131
1324103
30222203
33000143
14333
11111123
2030333
21224111
11111132
11242211
142241
203441
4310003
141200111
141200114
30313211
23000141
3031322
230001413
32411111
43100033
33000203
141200141
311102222
3030413
3214103
331241
23222
232223
23000144
20122403
1142321
3300023
33000233
33033002
11111213
321413
31310111
313101113
3303302
2012243
11111231
11111234
1124231
312413
304221002
11111243
30022331
223112
2231123
31310114
411143
431000411
3111023
311102303
141233
4221203
33000302
311430002
134003
33000311
31110233
12344
3214211
31143002
11111303
412421
3320411
3231221
33000341
3303311
11111324
112424
13104221
1412003
11111333
11144102
241241
2231213
11111342
141200303
11243
112430003
30422111
3002
141203
2231231
1412033
3431111
14120033
311102411
302
20041211
3023
200412113
31110242
3032
3022223
33000413
134111
2243
134114
224300003
33000422
11111402
20041214
33000431
114134
11111411
11111414
2114222
23301113
1111142
134141
22430003
11111423
22313
2231303
11111432
32303003
1412111
3042212
11111441
1412114
2330114
141200411
112430111
223133
1412141
11102111
111021113
3411002
311004221
3134
32144
1242221
3143
233213
422411
134222
224300111
11102114
111021143
3411032
3221411
323030111
31310141
31100003
2002442
23301221
2231402
111443
301141103
2231411
411012212
222203
222203003
223142
3110003
32
31100033
3203
41101223
333221
20441
204410003
3221
22220303
3224
1343
323
134303
30314
3233
344100002
303140003
111021221
341111
111021224
114003113
3242
20441003
33230003
34410002
322211
13433
322211003
30314003
11400314
14123
32221103
301141211
3041231
112332002
222203111
213323
2003141
200314103
31100441
20113331
204410111
1140032
22220033
114003203
134411
2243003
303140111
20031413
111021332
114003221
20300111
203001113
3230303
11400323
33230111
2330141
322211111
113411
32221112
3003221
300322103
313331
41101241
43421
31133003
320114
30032213
320114003
20003
11102141
13340003
111021413
3431
3434
32011403
143003
413222
11102144
203001221
203001224
131141003
311003
31100303
43241
14300303
300322202
11341211
300322211
2222033
23141111
1123322
30032222
1314221
200111
14100422
22220222
320114111
1142
114200003
1321241
3313103
311234
11400341
331223
11420003
114200033
3222113
331313
203001332
131141111
11243003
31100414
2330111
300224
300224003
1124303
431001113
311103002
30022403
141332
23000222
114200111
114200114
43100114
311103032
331322
3313211
20300141
203001413
23303
233033
2012321
114200141
122130002
113414
411111002
3003224
12213002
11243111
2012324
2330222
300224111
122130032
1122341
30314102
411111032
22220411
3201143
30314111
431001221
31110311
311103113
20033
331403
200333
233102
230330003
331412
42212111
233111
3030422
230002331
331421
114200222
23312
233123
1430033
114233
3300113
30222302
33001133
23033003
233141
33001142
20123321
2330303
122130113
342200003
411111113
1124321
223121102
122130131
14120111
344102
141201113
3300431
200414
3111032
3031421
311103203
201232103
214241
1142003
114200303
14120114
311103221
200441
200444
31110323
230330111
20123213
233222
33001223
11420033
24121103
11112212
1221302
33001241
122130203
4111112
411111203
112433
1111223
11112233
2412113
2330411
3002243
342200111
222302
11112242
222302003
12213023
41111123
13111103
43100141
141201221
311103302
22230203
311103311
201232211
233303
31110332
32031113
114200411
13111133
3300131
3022232
33001313
24121211
3300134
122130302
11112323
411111302
122130311
1413002
31310222
411111311
12213032
11112341
41111132
141302
222302111
311300003
223223
1413032
13111211
13111214
31110341
233402
42311
4231103
311300033
233411
33001412
13111241
23342
33001421
42242
3300143
1111241
11112413
4110131
411013103
301142
301142003
141311
1111244
1413113
14120141
41101313
1413131
311300111
311300114
141314
13111322
30242
302420003
20041322
4133
4231211
311300141
20222
442110002
20222003
22430111
2003003
2411111
30242003
241111103
44211002
32303111
2022203
14132
20222033
1413203
200303
2003033
24111113
411013211
2223023
301142111
1413221
31232102
3203114
13111403
141323
243110003
3123212
111022202
311300222
4223
311333
303141002
4133003
11102222
24311003
302420111
3412112
4241
4244
41423
20222111
20222114
241111211
11342
11342003
3110111
300323
31101113
300323003
2322311
20222141
30114221
30413
30413003
1134203
311300303
3110114
431
31101143
141431
4313
243110111
123212003
3041303
42314
111022313
4331
4334
23423
41301221
4343
4421102
11211002
111022331
341222
332033
3323111
1121102
20222222
11211023
2031332
2003222
4110134
11342111
14324
141341
31101221
213431
300323111
31101224
312323
14130002
2222111
30413111
22221113
230003003
4412
1110224
111022403
4421
4424
3024203
123212111
4433
332114
3314003
2222114
341231
230003033
4442
202223
11102243
20222303
114332
2003303
2411114
11211113
20300222
332141
203002223
212210033
2022233
11211131
11211134
1134221
2003333
11211143
30032321
2331023
141300113
3301421
20111
2331032
201113
3242111
30020003
22221221
230003111
230003114
41333
332213
1334111
201143
344003
332222
3314111
112112
30020033
212210114
11211203
230003141
20222411
14300411
2003411
2003414
11211224
203002331
113423
212210141
1121123
11211233
3110141
3003233
31101413
2331113
11211242
141300203
20333003
33001112
330011123
304133
311342
2331131
330011132
3110144
201221
14130023
201224
30020114
33002003
11420111
3023222
114201113
3030431
131011103
332321
21140003
11211302
30020141
3300203
11211311
30020144
33002033
11211314
3221141
212243
13101113
11211323
131011133
2114003
203330111
21140033
2331203
11211332
3043211
11211341
1124411
2331221
141300311
344111
330011231
14130032
2222141
2300033
230003303
324113
43100222
311104112
4221221
332411
30020222
33002111
234113
33002114
114201221
42341
131011211
111131
131011214
144020111
21140114
11211413
313103
21221033
313103003
1221311
33002141
11211422
122131103
2012432
2331302
330011303
112442
131011241
1111313
301241003
21140141
2331311
411112112
31310303
233132
12213113
201413
30124103
300203
30020303
12413
42210002
124130003
413111
413111003
31110422
20144
201443
4221002
23033111
42210023
3002033
212210411
30020333
33002222
42210032
301110002
323141
41311103
131011322
11113211
11113214
3300224
1310441
313103111
330011402
122131211
22331
2233103
301110032
330011411
34220111
301241111
304223
11113241
222303002
223313
14120222
200414003
31110431
30020411
330023
30020414
33002303
311432
42210113
11420141
413111111
1310114
131011403
1440203
20041403
21140303
33330002
42210131
30020441
3300233
23303003
301110113
2412221
3333002
13101143
11441
11113322
11441003
32231102
12213131
300422
300422003
41111231
2233211
2141111
214111103
22230311
30042203
32031221
13112213
111023
21411113
111023003
200414111
124241
4232102
23441
33002411
1311224
3300242
11102303
111134
111023033
11113403
3131033
23303111
1221314
11441102
301110224
3012413
1111343
11441111
301110233
301143002
300422111
2223032
301110242
30042212
214111211
141413
30002
300023
311301113
1241303
42210302
13112321
341120003
111023111
431114
3413003
2302331
222041102
4221032
423221
333302
3223112
431141
341303
301110311
301110314
30111032
301110323
22334
301110332
41101421
301110341
141422
23041103
300113
2004143
114300002
300131
311301221
300134
2304113
42323
341120111
11430002
431222
3413111
203003
203003003
4421111
2022311
20223113
301110413
2004113
24111221
114413
20300303
203003033
3004223
301110431
2022314
2141114
312332
30414002
23041211
1110233
30023
111023303
300233
333002
111023312
114300113
300242
413411
11102333
433100003
203003111
333032
203003114
3222131
20223221
1130222
113022203
2004221
302003
2004224
3020033
203003141
1134311
223221002
3110222
30032411
31102223
4411112
11302223
300311
300314
22322102
3041411
201332
201332003
1143002
114300203
30301112
111023411
300341
300344
333113
303011132
20133203
11430023
24221003
3020111
11212112
3020114
203003222
4112111
411211103
30134
1121213
301340003
11212133
2422103
113022311
3003242
2004332
3020141
11212142
3020144
441030002
31430003
431003
41121113
320411003
300413
30134003
44103002
14130113
2222222
303011213
23000411
201332111
230004113
300434
333203
1321103
114300311
13211033
300443
303011231
143300003
2030033
21221111
203003303
212211113
23000414
2022341
242030003
24221111
2004413
3020222
11212223
20300333
441113
411211211
24203003
301340111
2232212
11212241
31430111
3030113
431003111
13211114
3002111
30021113
33003002
4331003
230004221
333311
30301133
13211141
3020303
203003411
3002114
212211221
433103
30021143
33003032
11212313
242030111
122132
122132003
20333111
411113
302033
411113003
3020333
1121234
141203003
14130131
222224
311400002
41111303
303011402
2013323
12341
303011411
31140002
14120303
311400023
202331
3320111
202334
332011103
30021221
3300311
4331111
30021224
33003113
11420222
12341003
13101221
242213
131012213
14402111
241211
21141113
33201113
3020411
11212412
3020414
3300314
11212421
4112114
11114123
3013403
1121243
122132111
21113
211130003
2114114
411113111
3020441
31332002
4310033
141203111
21113003
211130033
3133202
111122102
23000441
123410111
1321133
33003203
332011211
1433003
21221141
30021332
33003221
2420303
32300003
323000033
1111421
11114213
241211111
31310411
12213221
2234102
11114231
30124211
211130111
1111424
211130114
311400203
3121211
312121103
13211411
422111
211130141
42211103
3002141
30021413
31140023
42211112
31212113
41311211
33003311
323000114
111122231
3300332
4221113
111143
11114303
31412
314120003
301111112
1221323
323000141
11114321
44210003
4111133
1111433
301111133
31412003
223421
301111142
4421003
303110003
311400311
312121211
1234103
111122303
332
33200003
3320114
42211211
3032411
303110033
3300341
20322203
3320003
33200033
2114141
323033
11114411
314120111
1111442
301111223
2111303
1144211
44210111
30042311
301111241
330242
21411221
324311
21113033
303110111
303110114
111122411
3230003
11102411
33200111
111024113
33200114
113111
303110141
11311103
442112
341402
20322311
32300033
11102414
33200141
30111131
301111313
41130002
114422
1131113
31103003
11311133
41130023
211130411
30111134
330111023
41130032
300030002
312341
3110303
3121214
31103033
30003002
300030023
204413
30113
111024203
301133
303110222
300030032
2220422
323000411
111024221
33200222
11102423
11311211
3141203
11311214
322214
301111412
131111033
24311
301111421
2431103
30111143
31103111
304421
11311241
31103114
2240411
142121102
41130131
22223
243113
22223003
3031103
303110303
14212112
300030113
2304221
31103141
301223
332003
33200303
414030002
4430003
2222303
111024311
301241
200022203
301244
300030143
41403002
131111111
11213
131111114
11213003
443003
2300111
203004113
2300114
20002223
411302
200022233
11311322
41130203
2022422
3301112
330111203
113441
131111141
1121303
11213033
2431211
20300414
2300141
141302003
300030203
33011123
301313
22223111
303110411
14130203
300030224
20303
334103
13343
300030233
33200411
4430111
334112
300030242
200022311
113114
200022314
11311403
32414
12210002
131111222
11213111
3140222
3021113
11213114
203004221
2300222
311033
200022341
1131143
122231111
2333003
11302331
330111311
4113032
302114
11213141
3021143
33011132
300030302
141302111
3110333
230300003
301412
203111
203114
301421
301424
300030323
303012212
20133311
114203
114203003
300030332
23030003
230300033
301442
334211
203141
30301223
131111303
203144
33422
2300303
122100113
11420303
122100131
3021224
330013103
41121221
31103411
11322002
30134111
214211
214211003
4410311
113220032
300030413
43100411
230300111
230300114
300030431
114203111
1221002
122100203
230300141
131111411
112133
14330111
20300441
2300411
21221222
122100224
24203111
122100233
122133002
113220113
330013211
1413023
113220131
203303
30301241
230300222
20333
222141002
122100311
122100314
3224111
12210032
302141
3021413
1132202
113220203
122100341
12213311
342203
41111411
11322023
2303003
14120411
230300303
311401112
1142033
12341111
23030033
33201221
442211
3300422
122100413
301112003
122100422
13101332
122100431
41213
412130003
113220311
4111142
30111203
11322032
301112033
2142113
21113111
211131113
41213003
13114103
230300411
21113114
111123212
303242
32300111
323001113
322313
313400111
301112114
1131221
113122103
412130111
301112141
11312213
211131221
303111002
311303003
31140131
31212221
13114211
30311102
303111023
303111032
433200002
323001221
12233
122330003
31412111
411311
411311003
114431
301112222
113122211
3004241
12233003
41131103
11132
111320003
311303111
303111113
30203
302423
303111131
2220431
11132003
111320033
3011123
301112303
2411141
4121303
411311102
122330111
301440002
411311111
30111233
41131112
21113141
302111
303111203
111320111
114302
111320114
114302003
303111221
32300141
3110411
111320141
11430203
311041103
301112411
1131224
30111242
31104113
4113113
3000311
14130302
300031103
33011213
1121411
1121414
14130311
2014322
3110414
303111311
43130003
332111
30003113
332111003
300031133
111320222
114302111
1121441
203300003
300031142
4313003
131112113
11214002
302030003
33211103
2301113
311041211
1223303
20330003
11312321
11214023
3014402
41131211
30203003
11214032
302030033
243221
2301143
141303002
31104221
302303
300031211
3030131
2222411
303013103
21110003
300031223
30233
4140311
302333
43130111
3320141
11122202
443111
332111111
212213
300031241
11132033
212213003
1441211
2111003
203300111
111222032
21110033
203300114
131112221
302030111
11214113
302030114
2301221
21221303
2301224
20002334
203300141
334110002
11214131
33011231
302030141
441032
33411002
222242
312221003
20411
300031322
30023003
1143023
21110111
111222113
21110114
31222103
302441
20414
204143
44231
12230003
3002303
212213111
30023033
3022202
11214203
21110141
203300222
21110144
411314
12210113
11214221
1223003
12230033
2301332
1121423
3110441
124100003
314321
3000314
300031403
312221102
300031412
23030111
312221111
1112222
230301113
111222203
431303
204221
204224
124100033
3321113
30003143
30023111
303341
30023114
11420411
203300303
11122223
131014103
144023
21143003
11214302
12230111
14104112
12230114
30023141
11214311
3022313
20330033
1121432
13101413
2114303
3341102
122101241
30203033
3022331
12230141
11322113
21421211
431300111
124100114
311402003
3030134
211103
111222302
21110303
33300002
1321322
230301221
111222311
204332
124100141
31140203
11122232
2122133
30023222
33300023
11411
2111033
11411003
21110333
12210131
30224
122101313
20422211
21143111
302030411
12230222
1221341
1141103
11411033
302243
31334
3122213
124100222
311402111
111124103
124133
42213002
21110411
21110414
33300113
2221421
122303
11411102
12230303
33300131
122101412
11411111
21110441
11411114
122101421
1141112
11411123
2442002
12210143
320222
1223033
32022203
30111302
11322131
301113023
11411141
142221002
1241003
124100303
3202223
2314211
23030141
12410033
33300203
22201112
30023411
4221311
200122103
222011132
1310144
211433
3330023
12230411
11411213
20012213
200122133
11411222
301113113
3302111
23011103
11444
41213111
32022311
301113131
2141141
33021113
124100411
3114023
23011133
222011213
33300302
112140113
434003
33300311
222011231
3330032
200122211
114113
200122214
11411303
244202
32300222
33221003
3011132
301113203
3141221
200122241
1141133
301113221
330211211
23011214
303002
14131103
2220113
222011303
1121402
23011241
112140203
30302
31130411
303023
112223
1122233
434111
22201133
11411402
31211
3121103
32333
200122322
11411411
301113302
1141142
301113311
41132
41132003
12233111
312113
330113003
3121133
441131
23011322
4113203
300032
300032003
222011402
14131211
112140302
42410003
11132111
112140311
111321113
114303002
30003203
300032033
200122403
303143
3320222
4241003
30131
301310003
30111341
31400003
23011403
3014411
30131003
41132111
301310033
44100002
330113111
3121241
1421231
3140003
31400033
112241
1122413
300032111
300032114
303221
303224
4133111
30323
42410111
303233
242000003
111321221
11430311
112244
30122123
300032141
41102
30122132
3023003
24200003
301310111
4112
242000033
41123
1131332
3121322
31400111
24332
441000113
4113221
3023033
301310141
441000131
2311211
31400141
231121103
30003221
300032213
303014102
30332
303323
300032222
1143032
303332
30122213
4313111
30301412
23112113
33211211
242000111
30003224
242000114
122102003
20330111
30122231
31214
203301113
3121403
24224
233120003
30203111
3023111
4410002
302031113
3023114
441000203
411323
242000141
301310222
2302223
122102033
41234
3301133
312143
301343
41243
23312003
30203114
3023141
44100023
31433
3000323
300032303
320414
30341
13214003
303413
231121211
424103
303422
30122303
300032321
11132141
2111111
303431
111223112
21111113
30003233
1321403
143303
3012233
3013103
21221411
301310303
122102114
211100003
20002442
203301221
21111143
314003
441000302
233120111
113222
113222003
302031221
441000311
30131033
3341111
122102141
22424
211100033
3140033
11322203
300032411
3030143
31222211
13214111
30122402
30003242
1221032
30122411
2420003
3002411
242000303
30024113
3012242
21111221
21111224
41402
41411
1223111
3023303
12231113
24200033
301310411
3002414
122102222
211100111
3023312
211100114
41432
31400411
113222111
41441
202220003
1223114
211100141
211100144
22422002
2311214
124101113
311403002
202220033
2242202
123413
30024203
23030222
11122331
12410114
1221143
242000411
1221023
30024221
122102303
20330141
21111332
3002423
2042321
2114411
30203141
3023411
12231221
12210233
211100222
12243002
211133003
1430411
202220111
12212
20030033
202220114
1221203
3032111
303211103
124101221
31140311
1221224
202220141
122123
1221233
2111141
21111413
30024311
323003
30321113
323003003
33303002
311141
3330113
311141003
1141211
211100303
2111144
11412113
12210242
32300303
41231
41231003
1132223
20030111
20030114
31114103
1141214
211100333
134030003
4123103
211133111
300131003
20030141
202220222
303211211
422141
30013103
300131033
3002441
41100002
323003111
244211
311141102
1223141
4110002
311141111
211100411
11412221
211100414
4114112
300000002
1141223
41231111
44213
20030222
202220303
30111413
300000023
211100441
13411103
321332
12410141
14132003
1221413
300131111
303113003
1221422
112141103
222012212
1221431
414131
1341113
33203003
1123133
300131141
200123213
41100113
3320303
224011103
11414
32220002
114140003
41100134
20012324
30111422
41100143
300000113
2111333
23012213
32220023
202220411
20030333
11414003
32220032
414000002
300000131
223241
300000134
3032114
13411211
1123214
14132111
41400002
300131222
303113111
112141211
414000032
3230033
33221111
33203111
411002
1123241
41100203
113141
3122102
11314103
200123321
1141241
41100224
412313
30111431
3000002
41100233
41133002
224011211
4113131
20030414
114140111
32220113
1131413
3122132
133211102
300000224
23012321
23340002
32220131
3001313
30000023
300131303
20030441
300033002
13321112
414000113
1113221
111322103
30003302
300033023
30013133
414000131
300033032
141141002
2041211
41100302
204121103
11132213
131114003
41100311
41100314
2414111
4110032
312221
11314211
322202
20412113
32220203
41100332
24341
41100341
4113311
300000311
2303033
300000314
33011411
312224
300000323
3222023
1123403
300131411
300000341
30003311
300033113
111322202
111322211
4241111
300033131
11132222
304241
30003314
204121211
31223
41100413
131114111
30131111
2303111
2240114
301311113
2303114
1141403
32220302
41100431
3122321
331130003
3140111
32220311
3301142
31401113
312233
300000413
3222032
30131114
2303141
300000422
44100113
33113003
300000431
3000332
300000434
300033203
3140114
30431
414000311
304313
300000443
443000003
300033221
304331
30123212
30003323
30434
24200111
242001113
122103002
42203
44300003
113144
3122402
3122411
12210302
302411
122103023
3024113
24200114
301311221
32122103
122103032
42233
331130111
31401221
2041103
3212213
300033302
222111002
230303003
304412
300033311
1113224
23112221
30003332
22211102
443000111
200222003
23030303
2041214
212432
242001221
12210311
122103113
20330222
20022203
200222033
41330003
23312111
113223002
330311003
30203222
3024221
44100131
32122211
12210314
11322302
300230003
23111033
3122231
30003341
30320003
230303111
222111113
42311003
300230033
3012341
2041241
222111131
2111222
3032003
21112223
30320033
200222114
122103203
42413
314222
30131141
2303411
122103221
42422
3024311
211101113
200222141
12210323
41330111
3140141
11322311
23111111
23111114
1423211
211101143
14231
14231003
423110111
2221112
300230114
222111203
23111141
2041322
30320111
30320114
33302003
1222133
1423103
300230141
22211123
131311103
24200141
21440003
122103302
12232202
21112331
30320141
200222222
230041103
12210332
1223222
2144003
14100002
211101221
322103
211101224
3221033
14100023
202221113
2041403
222111302
14231111
12410222
300230222
222111311
22211132
2002223
30320222
33302111
1222241
122300003
131311211
114131
21440111
12210341
313403
230041211
122300033
412133
211101332
21113411
300230303
202221221
122231
222013103
12443
30321221
112142003
320022203
3330311
200222411
32300411
122300111
122324
122300114
32002223
11413211
31114211
113420003
1141322
211101413
301410023
141002
122300141
301410032
300230411
30013211
300132113
30320411
311011103
20114
201140003
23122103
320022311
30013214
3111422
311011133
122300222
201140033
122333
113420111
322133
301410131
300001112
2144111
43100003
30000113
3131411
300001133
1341221
1124213
231221111
111323
111323003
300132221
302000003
222341
311011211
311011214
201140111
201140114
11132303
301410203
30200003
20012432
302000033
141224
311011241
201140141
11414111
14100413
300001223
43100111
304130003
2220134
300001241
34142
34220003
111323111
302000111
302000114
311011322
122300411
201140222
301410311
302000141
302000144
441002003
411341
32221211
30000131
300001313
44100203
1124402
3000341
300001334
300034103
30013241
30000134
304130111
300034112
43133
11132321
311011403
2011403
201140303
30003413
203303003
302000222
43103
20412221
41101412
20114033
302033003
20330303
44411
441002111
300001412
30203303
143141
300001421
43100303
14330003
30000143
303311
300001433
303311003
41400131
300001442
300034211
1113233
3020003
302000303
14101112
30331103
201140411
141011132
203303111
30200033
43211
302000333
43214
302033111
1133222
30131222
3320033
33113111
30003431
303311111
141011213
31140113
44300111
302000411
302000414
141011231
311241002
24200222
122104112
302000441
4410023
12210413
2030411
203041103
142322
124103
124103003
3000344
2042213
141011303
112241003
23030411
12410303
14101133
21113222
200223113
43403
24233
224111
224111003
12210422
2112332
112110002
22411103
203041211
3033113
124103111
300231113
31140302
112110032
141011411
211133
112241111
14101142
33203
200223221
12210431
122432
224111111
411413
21110222
211102223
133311002
112110113
13331102
111422003
300231221
112110143
204221003
4310411
13131221
20422103
1141412
211430003
2030414
211102331
1241033
112110224
112110233
112143002
111422111
323300003
422030003
204221111
32222
122301113
3222203
3111431
32330003
1141421
2241113
3222221
42203003
300002
41102033
300002003
322223
23014103
2311241
112110302
20032223
411020003
112110311
112110314
3124211
30000203
11211032
300002033
1223411
14101241
122342
41102003
411020033
3032141
112110341
32002331
323300111
142103
114143
3222302
422030111
31442
41102114
122301221
3222311
301411112
14213
32222003
142133
30141113
41102141
1410131
300002111
14101313
300002114
23014211
20032331
112110413
411020111
411020114
303410003
112110422
300002141
23122211
112110431
300002144
30013322
214103
2141033
411020141
30341003
11123
311012213
20114111
201141113
142211
31241
3124103
41102222
32222111
244100003
14101412
1332131
14101421
300002222
4310111
43101113
411020222
303410111
30000224
300002243
34221002
3233003
4310114
30200111
141143
302001113
4220303
114011102
41102303
311012321
201141221
301313003
30141131
11401112
30200114
302001143
31403
4110233
31403003
3000023
300002303
14234
30131303
142421
4110203
411020303
300330002
3140303
3001334
30000233
300002333
222211103
11234
112340003
43101221
11303
1113242
300330032
3422111
242003
242003003
11324
11234003
1424
142403
302001221
44102
230141003
114011213
4140113
4110242
13141103
301313111
44123
14243
114011231
4140131
31403111
300002411
300002414
21413
2141303
411020411
3034103
300330113
300002441
11402
222211211
112340111
342212
214133
200322203
20114141
1140113
242003111
4140203
20330411
31244
302001332
230141111
30203411
4410032
11401133
414023
2441003
3003302
300330203
1322213
1433111
222113
222113003
30331211
31141103
3201221
30033023
320122103
333131
2111411
21114113
30200141
20000003
302001413
22211303
200322311
4140302
32012213
114011411
3013133
211103003
1430111
143011103
20000033
33140003
314033
211103033
14301113
333000002
300330311
30033032
1322321
222113111
311111
31141211
333000032
320122211
2420033
21114221
20000111
122400113
20000114
2301413
31111103
311111033
441200003
3321221
211103111
211103114
143011211
20000141
33140111
20000144
202223003
44120003
134000033
20304221
211103141
313241
12410411
1224113
30322103
11224211
333000131
311111111
1224002
311111114
122400203
241103
31111112
3032213
311111123
20000222
311111141
12240023
32321
24113
20033003
241133
22411211
134000111
11120114
14102003
211103222
2240003
2311322
202223111
3330002
20033033
333000203
134000141
11120144
14102033
224003
3201224
2240033
30322211
2111441
3032222
311111213
122400302
20000303
114110003
311111222
122400311
241214
311111231
311144
211103303
1430114
20000333
114110033
20033111
20033114
134000222
14102111
333000302
2240111
300134003
20033141
333000311
14102141
30224003
3111113
311111303
112111241
2240141
30013403
143
41103002
20000411
20000414
114110111
114110114
301412003
241322
4412003
134000303
23310002
211103411
322322
14303
41103032
20000441
300003002
20000444
114110141
30141203
23310023
13400033
1421003
30000302
11120333
14102222
300003023
23310032
112111313
300003032
122441
2240222
300134111
1421033
311111402
30224111
111030002
311111411
32330111
2414
31111142
42203111
143111
41103113
143114
322331
301412111
111030032
24143
20033303
32223002
134000411
11120414
14102303
23310113
4110314
30000311
300003113
22403
1421102
2240303
342110003
112111412
41102111
1421111
411021113
1421114
300003131
112111421
300003134
142112
1421123
30000314
300003143
141111113
224033
30341102
1421141
141111131
114110303
111030113
331100003
14321
111030131
41103221
23310203
33110003
111030143
3000032
331100033
20033411
203141003
300003221
300003224
3001343
1421213
342110111
1411112
141111203
411021221
20314103
300003242
1110302
111030203
214214
14111123
31101332
114110411
20114222
331100111
331100114
11103023
4110332
143321
23310302
2011103
322220003
300003302
23310311
2113331
331100141
300003311
300003314
24410111
203141111
300003323
2011133
3034112
300003332
141111302
4310222
2142221
141111311
342221
14111132
111030302
41300003
111030311
111030314
30200222
302002223
11103032
4110341
143411
114012212
414311
331100222
41300033
300200003
111030341
11401223
414113
2011211
3140411
322220111
30000341
300003413
1421402
3003311
300331103
300200033
1421411
300003431
300331112
2011241
141013103
31142003
11234111
30033113
111030413
13141211
41300111
41300114
302330003
111030422
302002331
111030431
32420003
33110033
41300141
30233003
300200111
300200114
2031413
3242003
414200003
2044103
300331211
3033131
300200141
222114002
21410003
141013211
41420003
230011103
22211402
21410033
3322103
311243
23001113
331100411
230011133
41300222
302330111
33141002
32420111
23114003
300200222
423113
2011433
300233003
2311403
414200111
2044211
30323003
22211411
21410111
3114221
30023303
32012321
230011211
230011214
41300303
422130002
41414
20001113
3322202
3440111
21410141
23414
3322211
230011241
3002003
300200303
211104113
14301221
20001143
23114111
124400003
3003314
300200333
300233102
223130003
300233111
1410134
111002
12440003
30023312
112112033
30323111
21410222
311112113
21443
230011322
41300411
242111
242114
3224003
20001221
20001224
324203
114242
44120111
134001113
14103002
300200411
211104221
322403
124400111
112112114
201110003
13400114
11121143
14103032
300200441
21410303
111113
3032321
230011403
3241211
112112141
20111003
201110033
311112212
122303003
311112221
12240131
24221
23001143
20001332
114111032
3232211
313111103
20034113
244200002
134001221
11121224
14103113
3002333
222311
31311113
222311003
112112222
201110111
201110114
111203
21410411
224114
22231103
111224
201110141
242303
201110144
111233
20001413
122303111
114111113
111242
242321
14402
114111131
2000144
20001443
313111211
1244003
20034221
112112303
11121332
14103221
3042311
1410323
112440002
2241221
111302
222311111
343211
201110222
111311
22231112
111314
200422103
31111241
201143003
114111203
111332
242411
32243
111341
14411
111344
144113
20042213
114111221
20114303
23311103
13400141
144131
11121413
14103302
14414
14103311
300004112
43103003
201110303
1112144
1422113
30000413
300004133
31241003
300004142
13103
320222003
20111033
302003003
201110333
111031103
14111213
200422211
201143111
124322
114111311
3014132
30200303
302003033
11103113
143111003
4110422
111031133
3131114
113030003
14311103
411022202
300004223
2223113
43103111
201110411
201110414
113030033
13211
320222111
302003111
201110441
302003114
111031211
111031214
331101113
302003141
143111111
111031241
33110114
30000431
300004313
20314211
113030111
300332
113030114
300332003
300004331
30422003
14111231
311211002
113030141
30033203
341003
31121102
311211023
111031313
123341
302003222
311211032
111031322
2030111
203011103
441300002
331101221
341033
11103134
44130002
20301113
300004412
203011133
4110224
431033
300004421
113030222
300332111
303314
22230113
242300003
302003303
1110314
311211113
111031403
341102
341030003
111031412
41301113
341114
111031421
24230003
30200333
1431113
11103143
114341
203011211
34103003
30020111
300201113
1130303
31110302
113030303
330020003
203011241
30033221
1324211
300201143
11303033
3112112
330020033
311211203
242300111
122402
302003411
341213
31121123
341030111
33110141
30233111
4413002
12240203
203011322
2030441
300201221
300201224
113030411
3003323
31110413
330020111
330020114
333002003
22230302
431011103
321140003
330020141
311211311
23001221
230012213
31121132
122402111
211400003
2030114
203011403
211400033
20301143
112113002
300201332
333002111
422000003
112113032
431011211
2423003
321140111
3410303
42200003
230012321
341411
31111313
211400114
300201413
211400141
330020303
342210002
12440111
112113113
141211103
31340003
22313111
112113131
422000111
422000114
14121113
311113211
1224023
3134003
31111322
422000141
112142
211400222
13400222
14321003
1121132
112113203
330020411
112113221
20111111
201111113
141211211
31340111
323303
422000222
20111114
201111143
422033
211400303
114112112
143210111
20330114
11122313
2111114
31311221
112113302
300431
300431003
112113311
141113003
4220003
22231211
422000303
201111221
30043103
201111224
112313
111032
111032003
14111303
4110023
42200033
112334
211400411
11103203
111032033
300300002
11122403
11231
112310003
30030002
300300023
1112243
300431111
11231003
112310033
141113111
422000411
201111332
20042321
20114411
111032111
111032114
3422003
230111033
3230411
111032141
20003003
200030033
244103
112310111
300300131
300300134
20111141
201111413
112310141
230111111
414002
230111114
41400203
30200411
20111144
302004113
11103221
111032213
411023
111032222
200030111
200030114
230111141
4140023
3003002
30200414
14311211
2111414
200030141
200030144
3004313
11303111
113031113
300333002
300300242
112343
31111133
303020003
11303114
4110311
41400302
111032303
230111222
41400311
302004221
30302003
303020033
11103233
33110222
200030222
300300311
300300314
1123103
314030111
30030032
300300323
31111211
31111214
113031221
30033311
31111223
11231033
230111303
324221
4110413
303020111
311212112
303020114
111032411
2000303
200030303
11103242
303020141
20301221
203012213
313211
20003033
313211003
300300422
300300431
3003332
31321103
3111134
230111411
24230111
30200441
303020222
34103111
30030023
200030411
203012321
1430141
313211111
311114
200030441
31111403
300202223
11303141
31111412
2013431
330021113
333003002
31111421
3111143
211211
3030203
211214
303020303
311114003
31121231
33110303
30030113
4340003
12240311
20003111
211241
20003114
211244
144030002
30030131
30030134
134003003
30030143
14403002
20003141
20003144
13400303
11123033
300202331
330021221
222314
113003
303020411
2141222
311114111
1224032
23001332
113033
33110411
4340111
30030224
20003222
211401113
32324
3132113
23411111
11123114
122141102
411122102
111000002
11123141
211403
11100002
42200111
422001113
30030302
21143
20003303
111131114
114113003
3003032
42200114
20003333
1440002
11123222
14400023
14400032
2243111
111000113
14121221
3134111
111000131
422001221
1142114
30030413
111000143
20003411
20003414
114113111
203111003
30030431
11123303
20331113
23313002
11123312
20003441
20311103
203111033
4111223
1112333
333200003
11211431
1110002
111000203
2112143
141114002
113303
13122203
20111222
33320003
201112223
111000224
11100023
111131303
111000233
441002
11333
113333
1312223
3301241
424211
441023
203111111
144002
203111114
14400203
11123411
20331221
2112221
2112224
203111141
1440023
30043211
333200111
111000311
111000314
14111411
311311103
32432
42200141
201440003
13122311
201112331
341130002
111131411
111000341
11103311
111033113
331103003
20144003
14400302
11103314
203111222
14400311
300301112
43400003
11231111
112311113
300301133
142130003
300301142
431111
431111003
111000413
31112033
302300003
11231114
111000422
311311211
23011211
201440111
230112113
111000434
441203
43111103
111000443
30230003
302300033
2031113
111033221
203111303
200031113
20233103
20141
2014103
2112413
20311133
200031143
2023313
3332003
43400111
2014133
300301241
142130111
22232
22232003
431111111
311213
311213003
31112141
411131
302300111
4111313
302300114
441302
33111002
41303003
230112221
2223203
441311
31121303
11103332
411134
302300141
33111023
3030002
203111411
200031221
200031224
20233211
300301313
2014211
2014214
3030023
1430222
3030032
3111221
3003341
31112213
4412111
300203033
141311003
11303222
31112222
2014241
422100002
2014403
22232111
3111224
234110003
311213111
303021113
302300222
422100032
11103341
41303111
33111113
23411003
111230033
30302114
11222102
32423
33111131
300203111
1122212
300203114
11222123
300301421
31112303
11222132
1421303
141311102
31112321
31440002
4311113
300203141
141311111
3111233
21413003
302300303
14131112
422100113
2223221
230014103
234110111
331112
111230114
33111203
303021221
30230033
2122211
212221103
200031413
111230141
11222213
2423111
20301332
21222113
31321211
300203222
11222231
3030233
31112411
3030242
3111242
422100203
222323
21221
3112133
21413111
302300411
30031103
230014211
30031112
2000411
33111311
21224
20004113
3003113
212221211
30031133
3030302
11222303
30031142
300203303
3030314
20004143
32030003
124403
3030332
234221
3030341
3203003
32030033
114002
422100311
2341103
111230303
212321
30302141
212324
114023
30031211
30031214
33013103
114032
30031223
1310222
131022203
1440311
20004221
20004224
11222402
30031241
3301313
11222411
13400411
11124113
112410002
300203411
1122242
13102223
32030111
32030114
112410023
201113003
1112414
112410032
32030141
2300144
20111303
201113033
111230411
111132113
114114002
2122214
30031322
33013211
131022311
11124203
21140222
3131141
31211003
11124221
112410113
1112423
32030222
1130003
201113111
31211033
201113114
11100113
30031403
42200222
114221
114224
1130033
201113141
20004413
113000003
3003143
301121102
314130002
11124311
112410203
320303
11300003
32030303
30112112
113000033
301121123
31413002
31211111
22442
31211114
301121132
11241023
3203033
22331003
1130111
1130114
4112003
31211141
201113222
114311
114314
41402003
111001241
1130141
411203
1130144
4112033
20311211
113000111
300302
203112113
113000114
300302003
1112441
301121213
112410302
22200002
411320003
2113223
32030411
20311214
113000141
30030203
301121231
113000144
300302033
33320111
201113303
111001313
22331111
20111333
31103
442103
11100134
41402111
4112141
3011213
301121303
14303003
203112221
113000222
300302111
300302114
31211303
31113002
411320111
414302
22200113
30112133
1430303
300302141
341000003
111001412
31113032
111001421
22200143
111001424
311123
1332002
20144111
13320023
111001433
114311003
1130333
34100003
13320032
341000033
111001442
113000303
411224
11431103
301121402
301121411
14303111
222002
11300033
22200203
30112142
113000333
300302222
31211411
2441111
31113113
11231222
14213111
22200233
22233002
1130411
43111211
341000111
13320113
341000114
3111314
30230111
302301113
114311102
114311111
1130441
411233
341000141
11431112
2030141
203014103
20311241
113000411
113000414
200032223
2023421
122241002
22200302
32111
20301413
321110003
22200311
113000441
30030233
22200323
41122202
22200332
321110033
22200341
31121411
203014211
143033
3031112
300302411
300204113
31113302
330023003
321110114
341000303
312230003
3112142
303022202
321110141
30032
30032003
1143113
111231113
30302222
31223003
3003203
424100003
4112222
300204221
330023111
222413
3031241
321110222
321143
341000411
312230111
30230141
111231221
211403003
21222221
2420411
424100111
3211103
321110303
303134
32111033
422003003
3030224
13222211
211403111
3301412
3031403
20300144
233030003
3031412
4111241
321110411
111002003
31343
3122303
311411102
22202
222020003
422003111
11100203
30032303
31141112
111002033
22202003
222020033
13102331
11420114
14402003
233030111
412140002
211141103
2114033
41214002
20111411
111002111
201114113
111002114
200000003
222020111
222020114
114410003
3230111
111002141
323011103
111002144
200000033
222020141
32301113
211141211
224303
4113002
201114221
111002222
200000111
200000114
222020222
4113023
314000003
323011211
200000141
200000144
300303002
3141311
314000033
112313003
11241131
300303023
3203141
11300114
30112223
113001143
300303032
141411002
1110023
111002303
11231303
2220203
222020303
111330002
230114003
11100233
111002333
200000222
11133002
111330023
22202033
212321003
314000111
111330032
314000114
20311322
113001221
21232103
113001224
300303113
314000141
112313111
300303131
30030314
20111441
111002411
111002414
200000303
11100242
22201142
111002423
222020411
1144103
230114111
111330113
331400003
3230114
111002441
44321
200000333
111330131
212321111
200033114
300303203
30112241
113001332
300303221
30030323
30000002
22201223
33012212
300041102
34100111
1113302
341001113
111330203
200000414
30004112
300041123
411332
11431211
34100114
11133023
131122103
200000441
200000444
2311103
11300141
200033222
300303311
1132232
30030332
2220131
11300144
22201313
422102
422102003
300041213
111330302
341001221
111330311
42210203
300041231
11133032
2123213
200033303
314000411
144000032
131122211
11224103
313214
30030341
3301223
22201412
32111111
22201421
2220143
300041303
422102111
30033002
24200303
144000113
30004133
4310141
122111102
200033411
12211112
30122102
301221023
301221032
321111221
230311103
34100141
300041411
31223111
144000203
30004142
30131411
30000344
23031113
24200411
30033131
122111213
3032303
12240113
301221113
113231102
122111231
301221131
11323112
4221023
30000422
230311211
144000302
30000434
111134003
144000311
30000443
1221113
122111303
21140411
3012212
320030033
301221203
12211133
112412003
22343
32111141
30033302
111134111
320030114
122111402
12240302
122111411
1142111
11421113
12211142
320030141
301221311
1132313
1440302
112412111
201410003
3203222
341100002
11100311
111003113
20141003
201410033
34110002
22202111
341100023
222021113
114411002
422231
341100032
11100314
111003143
320030222
203114003
22202114
3011231
301123103
314132
142100003
11421221
4121411
20311403
30112313
14210003
201410111
1110032
142100033
111003203
341100113
111003221
111003224
200001113
201410141
320030303
111003233
341100131
222021221
32301221
33222002
200001143
32003033
203114111
2030144
301123211
142100111
142100114
133220003
341100203
142100141
201410222
111003314
303122102
13322003
1144112
111003332
200001221
34110023
30312212
320030411
30230222
314001113
1142141
3131111
113002223
300304112
31400114
11231411
111200003
341100302
11100341
111003413
341100311
20141033
302303003
1113311
22202141
11120003
111331103
34110032
111200033
411431
31313
1132331
411422
1332203
11100344
3000113
200001332
30230303
11133113
2031143
200034113
3000131
314001221
3000134
3011234
142100303
31410002
113330003
3131222
113002331
30030422
3141002
31410023
14210033
201410411
22202222
111200111
111200114
1132403
13322111
2220224
31322
200001413
313223
111331211
1143131
111200141
3013211
111200144
30132113
33114002
2420111
24201113
200001443
3131303
3000233
3033002
3013214
200034221
2420114
142100411
222023
22202303
31410113
31410131
3000422
2220233
300042203
111200222
300042212
313322
111233003
34100222
30001133
11133131
30004223
2033111
30132221
203311103
32000003
24201221
302041103
31410203
3200003
32000033
30204113
22202411
1112003
111200303
2220242
3141023
300042311
1113314
11120033
111200333
111233102
21121103
34130003
111233111
323111
30001241
323111003
30001244
3000413
2122241
203311211
21121133
32000111
32000114
3033203
302041211
1133303
31410302
2312321
330320003
3033221
31410311
32000141
3141032
211241111
111200411
32111222
30001313
30004241
4311221
30001334
30034103
111200441
3013241
21121211
21121214
30001343
30034112
2420141
323111111
122411
12241103
3003413
122112212
3033302
21121241
32000222
3033311
301222112
12211223
32033
32033003
330320111
124111103
14240003
30001412
3203303
303221003
30001421
30001424
23031221
3000143
30001433
12411113
33311003
14400131
314100002
30034211
21121322
3003422
32000303
3331103
314100023
12241211
314100032
3200033
32000333
32033111
422300003
124111211
14240111
303221111
21121403
42230003
3003431
33311111
320031113
2030222
20302223
3331112
314100113
11422103
12211241
32000411
1224131
314100131
32003114
41241002
412142
1142213
31214003
32000441
4124102
3230141
33022202
300141002
1133003
422300111
412112
30014102
300141023
1133033
314100203
131222003
320031221
11422202
113003003
11422211
1142222
3230222
320333
30112412
2411033
31214111
20141111
1241114
201411113
1133111
341101112
300141113
1133114
11100422
111004223
30231113
34110113
300141131
314100302
200133203
314100311
32303
11324003
20013323
412412
30112421
14210111
3302222
142101113
23022203
4223003
22203023
300141203
14210114
201411221
22203032
111004313
234212
111332003
111004331
200002223
32003141
30231221
122211002
11133203
200133311
3011243
11324111
113003222
122211032
142101221
2220311
23022311
22203113
13323002
230411003
34110131
300141311
4410113
314114
2220314
30014132
314123
1332302
111332111
323210003
3001112
200002331
314141
200002334
2411303
122211113
3132203
31400222
3001133
32321003
200330033
3001142
113331002
122211131
3132221
222032
22203203
11333102
20141141
30002003
22203221
11120111
111201113
4410203
3000431
2220323
300043103
31421
1133411
1332311
230411111
3000203
30002033
11133221
111201143
30004313
323210111
31424
141020033
200330114
122211203
200002442
113243
301321103
113003411
314111
200330141
12221123
31411103
14210141
11333111
321113
321113003
22203311
44101112
2220332
3141113
4410302
30002111
133232
30002114
303320003
111201221
32111303
111201224
300043211
1113323
141020111
141020114
33410003
30002141
242011103
30002144
132140003
3013322
122211302
2420222
141020141
3341003
122211311
12221132
301321211
1133312
22400003
31411211
2220341
321113111
22400033
314402
3410033
30002222
303320111
111201332
3232103
141020222
144002111
233000003
3001412
242011211
1221131
3001421
132140111
3001424
12242003
3200111
32001113
301223003
233000033
30204221
3034211
12211313
31313003
3141131
22400111
22400114
3200114
32001143
21124211
30002303
11120141
111201413
3000434
22400141
141020303
30330002
301334
20303003
30002333
21122213
30330023
200330411
233000111
30330032
233000114
2030303
20303033
122113211
211111103
41211002
32001221
301223111
233000141
412110032
3211133
211111133
303222002
30002423
141020411
30322202
20303114
233000222
412110113
211111211
211111214
22400303
412110131
3203411
202231103
211111241
12411221
1232213
222023003
233000303
1221134
412110203
41211023
211111322
111300002
202231211
341102003
11130002
42230111
200003003
111300032
111431111
34110203
200003033
233000411
32003222
412110302
412110311
211111403
41211032
111300113
1232402
300142103
20041241
341102111
200003111
200003114
111300143
30014213
20303411
203411003
200003141
200003144
302141003
11300411
113004113
20341103
300011102
111300203
30001112
300011123
20141222
111300224
300142211
11130023
111300233
111333002
21221003
114020003
2122103
203411111
302141111
11402003
114020033
14210222
300011213
111300311
111300314
3411023
414011102
300011231
300011234
30014231
200003303
300011243
41342
111300341
11133311
24203
21221114
200003333
114020111
122212112
114020114
300011303
114020141
124211003
111300413
300011333
111300422
1113332
200003411
200003414
30004412
32321111
200331113
200003441
114020222
300011402
300011411
30001142
300011423
124211111
3041402
11120222
111202223
300011441
30004421
141021113
30003134
1140203
114020303
14102114
200331221
12221231
11402033
32111411
422400002
3000443
30332111
12210203
242033
141021221
12210224
114020411
12211412
322130003
22401113
222122102
31112
311120003
22212212
2002331
200233103
320000144
23300111
233001113
3330203
31112003
311120033
12211421
1224311
322130111
22401221
300241103
30003422
320033
320033003
311120111
314102
20304113
311120114
314102003
200233211
3330302
302240003
233001221
32003303
311120141
211112213
41211113
414110003
300241211
2221223
144200003
320000333
41411003
30200144
320033111
311120222
314102111
1142411
302240111
14111102
211112321
323213
201413003
300143
341103002
300143003
414110111
20141303
3111203
311120303
323310002
30014303
320000441
122311103
32331002
301421003
41211131
142103003
323222
30142103
411030002
14210303
201413111
34110311
300143111
411030032
3200333
311120411
113300003
122311211
3022403
301421102
24211103
301421111
11330003
30142112
113300033
4141103
411030113
30014321
411030131
3233102
311022203
200004224
242111111
122213
122213003
113300111
113300114
233231
12221303
14111402
113300141
4110302
411030203
11130131
111301313
3001433
30001223
300012233
300012242
1113341
41103023
111203033
11130134
302011103
233100002
311022311
3014213
11402111
122213111
114021113
30201113
211211003
302011133
113300222
233100032
11402114
211211033
411030302
341300003
111301412
411030311
111203114
111301421
300012341
11130143
342311
200004413
34100033
2421113
111203141
302011211
302011214
113300303
233100113
224220002
233100131
114021221
211211111
302011241
11330033
4410131
202331003
300012413
211211141
1332113
111203222
2331002
233100203
32003
302011322
113300411
20033222
211211222
1112033
111203303
141022202
431411
21124103
302011403
233100302
233100311
11402141
2112113
30201143
32003111
321410111
34100303
300242003
30332003
30004331
320001143
412112003
211211411
300111002
41211203
300111023
11130032
34100411
300242111
320001221
320001224
242210003
31112111
311121113
314103002
3200222
412112111
11130113
300111113
112121102
422303
300111131
300111134
1234211
300111143
3200303
32003411
242210111
311121221
3233111
11130203
4121123
300111203
14210411
111302003
1113023
300111224
11130233
112121213
30011123
300111233
222320003
30201221
41411111
30201224
300111242
112121231
111302033
30014402
3200411
32000144
41211302
41211311
2414003
4121132
3200441
323321
11130302
323312
300111302
11130311
11130314
300111311
1113032
300111314
11130323
112121303
30011132
300111323
11130332
20141411
111302111
4141112
111302114
200300003
300111332
11130341
1411223
300111341
30014411
222320111
30201332
111302141
200300033
41113103
1244111
30142211
11130413
300013103
300111413
11130422
112121402
300111422
411031103
112121411
30201413
300111431
3001442
300013133
111302222
200300111
200300114
314300003
200300141
24211211
200300144
331110002
413030003
11330111
113301113
41113211
331110023
331110032
11330114
300013211
300013214
111302303
411031211
222222002
132110003
1431221
300013241
200300222
22222202
200333003
31102331
3004112
132110033
12221411
413030111
331110113
113301221
3004142
322230002
23222003
300013322
111302411
11120411
200300303
111204113
11130242
30431003
132110111
132110114
12212003
200300333
123230003
2122322
302012213
200333111
114022202
331110203
132110141
12212033
11402222
211212113
300013403
23222111
30300002
300341102
14342
34130111
300341111
34101113
200300411
111204221
200300414
141023111
3143003
132110222
12212111
12212114
3410114
123230111
302012321
11330141
331110311
3004331
12212141
33111032
14211002
22403003
211212221
14211023
30300113
14211032
132110303
144300002
30300131
34101221
30300134
30300143
122411003
3004412
12212222
1140224
3004421
3332111
32004113
20142113
22403111
14211113
30300203
3200414
11120441
14211131
30300224
30300233
30333002
132110411
12212303
3201332
30300242
122411102
20011103
33020003
122411111
12241112
32004221
3302003
33020033
14211203
20142221
30300302
14211221
30300311
30300314
231332
3410141
30300323
320002223
33301112
30300341
311122103
12212411
1221242
20011211
20011214
33020111
41212112
33020114
11131103
4121213
211114211
14211302
11131112
20011241
20011244
33020141
14211311
300112112
13401113
43211003
11131133
30011213
300112133
30300422
300112142
30300431
13130003
4321103
311122202
320002331
311122211
13130033
30211103
302111033
323411
20044103
11131211
11131214
24140111
11131223
111303002
300112223
43211111
11131241
30202223
300112241
320330111
320141
3201413
302111111
302111114
20011403
114121103
4121231
302111141
304110002
30011231
300112313
411032
341400002
411032003
304110023
111303113
304110032
30011234
23003
41103203
412310003
302111222
3014231
142400003
241130003
11131412
300014102
300112412
304110113
111303203
300112421
300014123
24113003
411032111
304110131
300014132
111303221
200301113
13130303
14112212
111041102
200301143
114023003
412310111
11104112
111041123
111041132
142400111
11402303
304110203
241130111
300014213
111303302
3414002
111303311
1432211
300014231
200301221
200301224
233102003
111041213
331111103
331111112
11330222
111041231
304110302
300014303
304110311
4110323
300014321
333110003
13211111
132111113
200301332
111041303
233102111
322100003
331111211
1424003
224222
11104133
32210003
322100033
300014402
112221002
300014411
30001442
200301413
14102411
23411
132111221
111041402
20030144
111041411
1140233
11104142
322100111
322100114
300211103
313220003
322100141
330030002
43310003
112221113
320003003
300211133
31322003
330030023
112221131
3410222
12213203
320003033
131030003
300211211
300211214
313220111
131030033
112221203
43310111
330030113
320003111
300211241
320003114
21421103
330030131
12213302
311123003
3300413
320003141
3221003
32300114
131030111
131030114
32210033
300113003
112221302
300211322
411131003
1421222
131030141
1113203
112221311
30011303
300113033
12410003
230022311
322100411
411000002
300211403
131030222
11132114
20012243
3302114
300113111
300113114
330030302
112123103
411000032
300113141
12410111
3202331
1310303
131030303
20012321
143220002
33021221
411000113
13103033
411000131
300113222
112123211
4321211
201121103
214130003
13131113
20112113
201121133
302112113
114122102
131030411
300113303
411000224
41100023
411000233
111304112
30011333
201121211
201121214
3144002
201121241
113303003
302112221
3302141
411000302
11330303
411000311
411000314
11132411
41100032
300113411
30011342
411000341
41103311
30411113
201121322
12242
331112003
113303111
411000413
24113111
411000431
11130431
2011214
201121403
200302223
20112143
302014103
1110422
30211241
111042203
111042212
11402411
331112111
211214003
11104223
322232
113041103
11304113
33311102
311222
303030002
311222003
200302331
302014211
111042311
1140242
31122203
303030032
33111221
211214111
113041211
31121213
141320003
41123003
30302033
311222102
13211222
311222111
303030113
31122212
11104241
303030131
322101113
203022203
14213003
32210114
411230111
11231141
141320111
114221003
3410411
11100131
203022311
300212213
1130414
31121402
330031103
330031112
320004113
3112223
303030302
233300003
3203111
32000414
332030003
20111414
114221111
12434
23330003
123323
11100224
134312
41102411
13103111
131031113
1111334
1222223
1233212
1243202
1333112
3303221
233101112
2342102
30302303
11233202
300212321
13103114
300114023
330031211
3330131
12222212
12321113
12322112
141222002
12332102
12432002
13431002
22200224
22211213
320004221
41111102
23311112
14122202
23421002
24420002
111001334
111141002
111011324
233300111
111112223
111122213
412410002
111133202
112111223
112122212
112222112
113221112
122101223
2114111
330311
211411103
122222102
32210141
11100323
300311003
123210113
123211112
123221102
123321002
124320002
4121402
133201112
134310002
111132221
131031221
222001223
222022202
222112112
114001112
30011411
223111112
300114113
1340003
234210002
30302411
300114131
1222112
2231102
30011414
422011103
12221102
12321002
312140003
13320002
1241111
300011342
111001223
41400032
111012212
111222002
112111112
111141113
42201113
331211003
113220002
11100413
122101112
123210002
222000113
222001112
222011102
223110002
211411211
122102
11100431
111411002
11100434
301130003
111034103
1111112
33121103
300114203
2220002
11101112
11111102
111001112
30011432
122100002
1121231
3422102
300114221
30113003
301130033
30011423
1222142
1232132
2221142
2231132
413000003
12321032
22311032
422011211
111022232
312140111
1111412
111112142
111122132
112111142
112121132
112221032
122100143
122101142
122111132
123210032
3011102
413000033
222001142
222111032
331211111
111301142
31222112
13103141
11100143
11101142
11133302
20013431
22200032
111001142
111011132
2220413
300114302
301130111
301130114
304112003
122100032
300114311
11100032
111000032
411001241
200303003
41130302
301130141
4112303
12321302
20112221
22200413
201122213
22311302
13430111
111122402
113220302
123210302
133200302
413000111
320003222
413000114
1110413
20030303
200303033
2220302
30111002
111141311
20112224
322200002
30211322
122100302
11100302
111000302
413000141
31124102
322200023
1221332
11100443
20341211
11101442
41100131
411004112
322200032
411001313
111111332
112110332
122100332
222000332
11432
30011441
300004241
11100332
111000332
301130222
304112111
2224112
2334002
12214112
12324002
22204112
300311033
22214102
112114112
112124102
320003
112224002
122114102
200303111
4220114
122214002
200303114
123213002
222004112
4121102
222014102
4221302
201122321
1241141
233103002
1114112
1124102
314303
11114102
1110431
22203002
111043103
111004112
200303141
111014102
111114002
331113002
222003002
11330411
322200113
11400242
111003002
12240032
11114132
11104313
111004142
3011303
111014132
300311102
301130303
111114032
222003032
322200131
411001412
300311111
111003032
1114412
300311114
1224302
1123211
411001421
1410023
112321103
41111213
300311123
11114402
22203302
111004412
30113033
111014402
300311132
1413302
222003302
142140002
111003302
300311141
11232113
132113003
11130224
413000303
11242112
200303222
230122103
22241102
31410032
111030224
111031223
111142112
112141112
122131112
123240002
114320003
222003221
13211303
222031112
3222002
223140002
111043211
330203
200041103
233130002
114323
30300413
12240002
111031112
11432003
112140002
33000242
30000332
111114203
301130411
200041133
142142
22230131
11131142
111031142
300311222
111141032
112140032
1112411
112321211
33003131
141032
300311231
33020222
301410302
111141302
200303303
222030302
301110302
1140332
111030332
30133202
132113111
11244002
111034112
111044102
413000411
111144002
222033002
230122211
31110002
111033002
144032
422100023
111033032
11104331
114320111
300411023
111033302
322200311
200041211
200041214
422213
423212
300311303
11412212
111301223
302030222
111312212
111411113
111422102
112411112
111111323
200041241
122401112
222301112
222311102
222411002
233400002
312212
111301112
111311102
200303411
122400002
301112
12321131
30303032
312242
3030311
222200411
303031103
1411142
1421132
31122311
1110434
11411132
111311132
13100414
122400032
311132
1410032
11400032
30303113
112112003
111411302
222300302
1410302
11400302
111300302
1410332
11400332
111300332
14214002
300311411
1414112
11414102
111314102
111414002
112413002
122403002
23000033
330032003
304142
41123111
414032
201221003
111303032
303032
223110032
1441112
222422
320411
111331112
3302303
122430002
300214211
20122103
311130203
201221033
111122123
303031211
1143203
1440032
222001133
114222002
24110003
111004133
222134
320441
33121211
444002
222143
3012323
311114102
4222112
1110113
14101223
11101133
20302331
30030311
24110033
114000224
114001223
3000224
303030023
332000303
2312213
11232221
223110113
114111002
320300003
330111131
3112241
4110143
30233102
330032111
114001142
114011132
223110131
30303221
201221111
201221114
14100032
1310003
320300033
114000413
114001412
114011402
114111302
3111302
14100302
3302411
114000302
3000302
3204113
14100332
201221141
20014103
33023003
114000332
20112413
24110111
24110114
30041123
11101223
14114102
114004112
114014102
114003002
114003032
4113302
20014133
114003302
2011244
11101241
223110203
11101244
24110141
3142112
14141102
30303302
114031112
114041102
114141002
3041102
2221133
114003023
320300111
4140002
320300114
111141203
3031142
22311023
4140032
114003311
333000023
4143002
311420003
114033002
201221222
1113431
320300141
14400113
14401112
13100144
14411102
114301112
14400002
114300032
23330111
3300032
3411302
114300302
3300302
3204221
3304112
3314102
4220033
20014211
20014214
33023111
3303002
300114032
333300002
24110222
30041231
4440002
14430002
411002003
1340141
11101334
11134103
13103222
30111224
223110302
11101343
11134112
20014241
30223112
31110224
30422102
1340222
223110311
41112212
3300323
41222102
411002033
41322002
42221102
42321002
201221303
2221241
141001223
141012212
141112112
141122102
13100222
142111112
30111113
3141302
13133003
311420111
302114003
111142103
141001112
141011102
141111002
142110002
24110303
30011102
241100003
11101412
141000002
30011243
222011411
4220141
30211403
21141221
41104112
111023114
141001142
1110143
141111032
11101433
14411003
411002111
241100033
411002114
11134211
111230111
141000032
30000032
31221002
113141003
23002331
411000143
320300303
41111402
141001412
141011402
1441103
30011402
411002141
111011102
31221023
30230114
141000332
201221411
31114112
311004113
31221032
41114102
1310033
141004112
141014102
13100333
31113131
42201221
141003002
13133111
3002144
141003032
30003032
1241222
4220222
302114111
200144
41103302
141003302
111142211
30041213
4223111
24110411
41130113
241100111
41141102
241100114
141031112
141041102
30041102
30141002
141030002
30041132
30141032
31140032
141030032
30031412
30041402
30141302
232220003
2221412
111111311
30113111
14411111
301131113
304113002
30044102
241100141
411002222
141033002
113141111
31221113
31411112
320300411
41400113
41401112
41411102
141301112
30113114
141300002
30301142
30411032
22341002
31221131
3114203
111011213
141300032
30300032
311322002
141300302
30300332
331140002
30303002
413001113
30331112
1143311
41430002
111011231
33000224
1140131
111011243
331100303
34121102
1140143
44111102
144001112
144011102
2031221
203122103
33011102
1110242
111114023
144000002
241100222
411002303
32210111
33000032
33011402
33111302
33000332
33014102
232220111
20312213
31221203
144003002
301131221
33003302
33041102
34140002
33030032
44400002
33300032
300011324
300012323
111011303
300123212
300133202
20030411
301122212
200304113
301332002
302221112
20112332
302231102
302331002
4220411
311100224
312321002
313320002
322201112
413001221
322211102
322311002
411001223
411222002
4141211
241100303
412111112
412221002
413220002
422101112
11104412
423210002
300012212
203300411
113033003
301221002
302220002
311101112
311111102
203122211
411001112
412110002
23111222
11331113
411002411
300122132
301110143
302220032
300312113
311100143
311111132
31221302
411001142
2123321
300000143
330131003
300001142
300011132
300111032
31221311
311100032
300000032
324200003
300222302
301221302
302220302
311211302
111011402
322200302
422100302
1140302
300000302
223412
300011432
411000332
111011411
300000332
301114112
1140311
1140314
301124102
200304221
111011423
301224002
302223002
1140323
4122212
311214002
13211003
322203002
111011432
411014102
411114002
412113002
422103002
300114002
301113002
111011441
11104421
411003002
301113032
411003032
241100411
411003302
300142112
301141112
311131112
312240002
330000002
411031112
411041102
300031112
31103303
300041132
300141032
301140032
141003311
300041402
2322203
300141302
322100222
300044102
300144002
411033002
30113141
300300224
300301223
330000023
300311213
300312212
300411113
300312221
300412112
300422102
301410113
311400113
411300113
330131111
411301112
411411002
300300113
300411002
301410002
324200111
300300143
311400032
411300032
300300032
300300413
300301412
300311402
300411302
302311103
311400302
303032003
411300302
300300302
300300332
1110443
300314102
300414002
301413002
411303002
300303302
300441002
411330002
11432111
300330302
303000224
322103003
200441111
303112112
13100003
304111112
2031224
131000033
314101112
200042213
414001112
414111002
303001112
303011102
111003023
330000113
303001142
304310003
231113003
32210303
203000144
303111302
414000302
303000302
303004112
303114002
414003002
11103131
444000002
34400003
303031112
330000134
303041102
304140002
303300113
303301112
303311102
330000143
303411002
304410002
314400002
414300002
303300002
303300032
303300302
303303002
422111003
222431
303330002
3440003
330000224
330011213
330012212
330022202
330111113
330112112
330122102
302311211
330222002
331121102
331221002
303032111
332220002
131000114
11102003
341111102
341211002
441001112
441011102
441111002
330011102
330111002
441000002
122120003
330111032
441000032
322103111
330000032
330000203
131000141
1110203
330111302
131000144
200042321
331110302
300214103
330014102
330114002
441003002
304310111
122120033
330003002
330003032
23310131
330000233
330033002
330041102
330141002
330030032
330300113
300200414
330311102
330411002
331410002
330300032
330300302
330303002
422111102
333000113
333001112
333011102
32141
333111002
333030002
422111111
111241103
31224002
131000222
300021332
22200023
131033
330000302
122120111
122120114
330000311
13320131
330000314
1343102
22200242
22201241
22211231
113240003
22311131
330000332
122120141
111011342
111111242
330000341
111112241
22311113
111222131
112110242
201222113
122100242
12221213
123210131
3030323
131000303
300030341
300302303
222000242
22312112
111241211
11413103
222131
13100033
131000333
20441111
22200131
3043103
330000413
122120222
214100003
111000242
330000422
11303003
112110131
113240111
212210111
22311002
320301113
1110131
23000333
214100033
12413003
201222221
1232123
131000414
12210134
22200134
311411111
111001244
111002243
111011234
122120303
111111134
111112133
111222023
112110134
112111133
131000441
112121123
112221023
113220023
122100134
122101133
122111123
122211023
123210023
133200023
112421003
222000134
214100111
11430032
222011123
214100114
222111023
223110023
233100023
300411032
1110134
1111133
2220023
12210023
111000134
111001133
111011123
111111023
320301221
112110023
13101224
122100023
222000023
214100141
111000023
222030002
230222003
2303303
31142111
12413111
22200431
30000242
411000134
222000431
200141003
222030032
111000431
122120411
11430113
200141033
112421102
112110323
122100323
222000323
330230003
1110323
111000323
112421111
32041211
214100222
201124103
22203131
111411203
32111003
111003242
111004241
111014231
111114131
230222111
222030113
442100003
31100111
341000222
302301221
122103131
30301421
422123
12221402
222030131
114131003
200141111
241101113
200141114
222003131
411131111
300411203
200032331
2141003
214100303
321110111
200141141
111003131
1310141
11430131
32011133
11123111
201124211
311001224
303131003
111012233
23003303
442100111
111012242
322202003
111320411
133202111
111003134
11430302
113011103
111014123
241101221
200141222
301132202
112113023
222003023
300411311
11301113
214100411
30113222
113011133
44100032
303000002
300000242
111003431
303000023
303000032
111012323
422003
311411003
303131111
200311103
20300114
131411
42200303
111012341
20411222
200141303
111003323
134300003
322202111
411200003
3111311
20312321
113011211
3003131
113011214
300313103
13430003
111030242
111141131
112140131
41120003
411200033
320111114
113011241
30031313
22314002
320111003
303000113
200311214
111012413
32011103
30031421
303000131
303000134
143000003
303000143
134300111
20114003
30141023
200141411
222030203
144002003
1113002
11103002
411200111
3011324
411200114
1140134
113011322
300313211
111030134
111141023
320111111
112140023
122130023
222030023
411200141
132410003
111030023
3410111
341011103
143000111
303000233
303033002
303000242
1143221
111030323
20114114
320111303
224411
422222
113011403
20300411
44100302
114410111
44100311
330001112
1343003
2223302
111033131
411200222
11300111
113001113
11301143
330001133
3112421
11103302
203031221
330001142
303000311
303000314
111033023
3003134
132410111
332000003
303121103
30320303
341011211
303000332
200033003
231140111
111242003
303000341
13100111
131001113
11401241
11411231
332000033
111300242
111301241
200033033
111311231
111411131
230000033
112410131
411200303
122400131
222300131
13100114
1410431
131001143
20004332
3111002
223112003
303121211
30431111
330001223
12321311
41120033
3211211
321121103
111300131
200033111
314000222
330001241
111111002
303000413
22311203
200033141
303000422
32011211
11303411
32112113
303023003
332000111
111411023
332000114
111111032
3111413
111300134
200000411
111301133
111311123
131001221
1110311
314000303
131001224
122400023
222300023
332000141
113411003
2223131
113001413
122121113
111300023
330001313
11400431
223112111
111300431
312110003
321121211
30143
111111113
303023111
312110033
111300323
11400422
314231
111111131
11403131
113411111
111303131
111111143
203222003
131001332
11103224
3014303
321111113
330001412
122121221
330001421
111303023
32111114
312110111
312110114
111111203
11113133
1440131
303230003
20122322
111111224
314003111
211322003
312110141
111111233
13100141
131001413
113111303
1110332
11103323
2411222
203222111
311330003
141003203
2303222
3211214
214101113
111111302
4221131
312110222
111111314
332000411
300320033
303230111
320030003
22220114
311330111
111111341
1110341
11103413
32003003
3111131
11103431
301133003
1110344
300320141
42200411
3122123
312110303
23000003
320030111
214101221
30113303
20301224
12242111
111111413
114011123
302411003
114111023
111111422
222031103
111111431
111013133
422132
14100431
30241103
11400143
11401142
200142113
32011214
230000141
224030003
230000144
301133111
312110411
14100323
114000323
142110032
133400111
14103131
111013214
201410114
114003131
302411111
11400413
11401412
111013241
230033003
3004133
200011133
11300222
3014123
14103023
11333003
200142221
3003023
300314003
224030111
142110113
30441002
20303222
20030003
32411
324110003
133230002
142110131
131303111
200001224
422211002
230000333
114030023
11403032
111013322
111341003
11300303
314011103
204140003
200011241
3411131
200011244
11300333
201410303
11301221
3011333
113012213
142110203
20414003
300314111
1440113
133220111
114300131
11301224
230000441
111013403
21232211
242141
313100111
114300023
33011303
303001133
111341102
111341111
200011322
11300414
200044103
200411003
314011211
302303111
204140111
30230411
330002003
41120111
3044102
11300441
142110302
113012321
441020003
200411033
142110311
330002033
41120114
313100222
44102003
113330111
41100242
303001223
200011403
1113422
141000242
200411111
200411114
303001241
311003141
441200111
200011433
211241003
300124211
200044211
300330023
330002111
330002114
200411222
411201221
111023141
32141003
441020111
30002243
11102441
141000134
330002141
141011123
303001313
141111023
111200414
142110023
13241111
311003303
30111023
141000023
131003033
1113413
301112111
1112114
1112303
141023003
3112412
30141311
41100323
141000323
30000323
32240003
111020303
200411411
41103131
223113002
141003131
330002222
30003131
32141111
3011402
30014123
201224003
303001412
31113023
231410003
141003023
30003023
303001421
30030242
11400311
111311222
332001113
3014102
141030023
42311111
131002223
431000003
330002303
20303303
41120141
30411131
320311103
141300131
330330002
22311311
323000003
13103003
32112221
2411003
41400023
141300023
30300023
201224111
111112112
200011103
203033111
113003033
30011324
30303131
332001221
431000111
431000114
30303023
131330003
113311103
20141114
122122202
113111003
203000414
131222111
331110131
343100003
113003111
301232102
113003114
413300111
330002411
11113103
113111033
141200003
111242111
113003141
144000131
31322111
312111113
431000222
33000134
4220111
114023111
144000023
33000323
343100111
33003023
131330111
200030333
431000303
113111111
200041403
113111114
300413003
341003003
11103422
200330003
302222111
113111141
30041303
113003303
312111221
111112313
311211131
222032003
141200222
200030414
141020003
341003111
320041103
411000242
411111131
241103003
200330111
411300002
422100131
313101221
223310003
300413111
301110131
31100411
13103303
200330222
323030003
341111003
111112412
300001244
31110314
1310333
301110134
111112421
222032111
411001133
311030003
411111023
412110023
320041211
200412221
33410111
241103111
301110023
411000023
222002033
311030033
1224203
131003
30113411
223310111
300020003
14113103
322100303
413011103
3411113
201421103
13103411
411000323
32001224
300020033
1241411
111014213
1343111
341111111
34111112
311103131
411003131
311030111
11101424
311030114
411300203
413011211
113111411
20014322
3011342
311030141
333110111
142111103
311103023
321221003
411003023
300020111
300020114
303002003
203001143
201421211
30111332
414020003
311130131
300020141
303002033
144110003
200012213
111431003
200314211
30241211
300030131
143003003
300030134
411030023
200012243
11301332
200041322
3142103
31100333
41120222
44102111
2421221
300411131
142111211
32240111
311400131
411300131
321221111
143003111
300020222
303002111
303002114
114121211
303200303
411300023
2221313
414020111
124100111
41120303
30143003
303002141
144110111
200012321
200012324
11301413
2003144
230002223
300330131
314003003
20414111
30144002
31400303
113004221
3142211
320303003
31421003
300020303
312210002
303011123
22213211
1112111
414000023
111211103
200003222
303000431
312210023
300020333
303002222
312210032
303000323
303003131
11121113
131003003
111211133
1340033
30143111
302111003
311030411
200012432
13100303
131411111
13130111
20411033
41120411
330000242
30222311
111022223
330003113
31421102
330000131
31421111
300020411
300020414
303002303
312210113
441000023
33110111
33000314
330000431
111211211
111211214
1340111
422114
1340114
312210131
330000323
330003131
300020441
141030113
34110302
131003111
111211241
20411114
330003023
300011414
141030131
330200141
122123003
320311211
30302111
330003203
20411141
131014211
330003221
331103111
312210203
320000003
303002411
111202331
320000033
111211322
222131003
111124211
231140003
111113033
202331111
222001421
131003222
320000111
320000114
330003302
122123111
434000003
320000141
330003311
311123111
300030314
312210302
11101421
222000002
312210311
111211403
320300222
320000222
111113111
111113114
200111003
141030302
434000111
222000032
131003303
411003311
111113141
200111033
320000303
330200003
311300411
300031214
212210003
122102111
23000303
300203003
214103003
122414
330200033
320000411
320000414
144200111
22200314
111131111
3014321
222000131
111011414
111113222
200111111
200111114
203330003
222000143
131003411
111000344
314111003
200004113
230003222
242111003
200111141
1310111
200111144
300131114
113112113
330200114
11101313
212210222
200004143
112110203
142103111
214103111
222000203
222030311
122402003
200004221
111113303
212210303
31211222
222000224
222000233
111441002
411003203
30330311
200111222
314111102
111203003
111003311
200144003
314111111
230003411
11120303
200004332
113112221
330200222
330200111
301310114
222000302
111212321
222000311
111203111
222000314
111001343
111011333
122300303
111113411
124130111
200111303
222000341
20011133
111003422
200111333
111004421
111014411
200144111
330200303
341300111
301430003
122103311
222003311
142112003
411003221
222000413
321410003
413300003
222000422
34111211
111014303
200111411
200111414
30242111
24311111
311031113
211211303
200111441
111003341
113014103
301430111
111203411
231110003
320001113
303003002
131111003
23111003
303003023
231110033
31113203
300021143
303003032
144111002
300200144
1113113
114030002
311031221
111230003
411203003
11403002
222300203
114030032
320001332
231110111
111030233
231110114
300021221
300021224
303003113
433100111
222230003
111033311
231110141
431003003
320001413
111033203
32041103
111411311
112410311
114030113
334100003
411203111
320411111
114030131
143300111
114013103
20411411
303003203
123410003
231110222
30111311
30303203
30111314
241211003
303003221
30111323
200330303
222230111
200341103
200013431
134003111
114030203
314300111
111131003
131012321
334100111
330004112
300341003
11403023
231110303
114011303
323000111
300021413
303003302
312211112
311111003
11121221
111212213
332003003
141031103
211130222
320141003
13100411
131004113
314210003
330211103
200341211
114030302
200300441
32014103
114030311
323000222
14103203
143030003
211130303
1112141
331400111
303200003
3211241
423110003
323000303
231110411
300003341
233003003
134030111
300003233
303200033
332003111
22213103
300000344
141031211
300002423
320141111
131004221
314210111
233003111
211114103
224000222
112310303
41100422
42210311
223410002
311014103
143030111
122231003
312113003
134011103
303200111
24140003
303200114
31103222
332000222
320330003
414002003
111114113
20011322
303200141
311130002
24410003
134011211
233011103
13130114
311130023
311130032
200022422
142211003
13400003
30041411
112130003
14221103
312113111
41130311
303200222
141030311
111114221
200112113
30341111
141030203
311130113
224000003
233011211
214211111
412121102
200112143
330201113
211122203
224000033
302111303
30301313
142211111
30211133
30303311
22313003
13400111
111114302
112130111
112130114
111114311
302414
300003422
302111411
222001241
313400003
200112221
222131111
200112224
11401313
224000111
224000114
411302003
301110422
133200002
330201221
411000422
211122311
23001224
224000141
300003203
303200411
133200032
222001313
300001424
111013103
322200203
411003113
301110203
112130222
411000203
300000203
204110003
303030203
111311033
300001343
300000233
311130302
122113103
241400003
200112332
11401421
20411003
204110033
230022203
300030422
411302111
300031421
23002223
301140311
311130311
142113002
133200113
300030311
112130303
300031313
301140203
133200131
222001412
111311111
114002114
203300033
200014103
411300311
200112413
204110111
204110114
111311141
320003303
111320303
224000303
300300203
300300341
200014133
20002331
200023313
204110141
300300233
111311114
13401221
23001413
133200203
320003411
303011303
414000203
303000203
200023421
303003311
112130411
30211214
111311213
303030311
431300003
214130111
200014211
200014214
11303303
23030114
302030303
204110222
200014241
330030311
330030203
133200311
33030131
300022202
33030023
111311303
231111113
300022223
300022232
311113103
204110303
111014321
111224111
112223111
11304221
114031103
222002222
222013211
113014211
11403113
134111003
432110111
312212003
21140111
300022313
111311402
411230003
111013211
111311411
231111221
112112111
300022331
332210003
200014403
204110411
134111111
330300002
332210111
31112114
114031211
111224003
112223003
142310003
33030002
322101221
330300023
300022403
111113003
312212111
131300003
332030111
1412222
141032111
230030003
314211002
131300033
23003003
230030033
112112411
122102411
222002411
242000222
330300131
2341211
222002303
231221003
131300111
413000222
131300114
111143111
32014211
230030111
230030114
122420003
112142111
330300203
131300141
21113303
230030141
111143003
222002003
303201113
134000114
320011103
333020003
320011133
131300222
331310003
230030222
122420111
113114003
330300311
331310111
411023003
114013211
222002111
222002114
311000003
303201221
114002003
320011211
320011214
131300303
222002141
230030303
311000033
114032111
20014403
320011241
114032003
11403203
23003033
13100441
200222111
113114111
214400003
330311111
300230111
142112111
14221211
313130003
211211114
112131113
311000111
200222303
311000114
320011322
131300411
200113223
230030411
311000141
311000144
131000003
122322002
224001113
141032003
113111222
131000111
214400111
203011214
313130111
131033003
320011403
222330002
112131221
113311211
311000222
200441003
131033111
200113331
131000411
224001221
114211211
311000303
303013211
111312113
414002111
300023033
141131003
330230111
20411111
204111113
311000333
32210222
311033111
111032321
111131222
222031211
223130111
111034211
300023111
300023114
211430111
311000411
111312221
311000414
300023141
141131111
32210411
204111221
411200411
311000441
111131141
112130141
311014211
244100111
111131033
112130033
30211211
131411003
302001224
141000113
300023222
303300023
111023222
222023111
141000131
413003003
141000143
112310222
11123003
233111003
413003111
134000003
203030003
142100222
200011211
200011214
300023303
312213002
141000203
300023312
203030033
224003111
111214103
141000224
411201113
303300131
141000233
302022203
233111102
233111111
322400003
11403221
114110222
211222103
203030111
203030114
322400111
303300203
131002331
141000302
320303111
300023411
141000311
141000314
203030141
34111103
111214211
144020003
33020303
311131211
141000341
311131103
300021113
300020144
302022311
411023111
300023003
311030222
330301112
311030303
211222211
330020222
33030113
203030222
333020111
303300311
131003114
112311221
131003141
141000413
332300003
141000422
112310114
111311003
141000431
431030003
131301113
112310411
23003111
230031113
203030303
23003114
422000033
211400111
111230222
200013323
143210003
142310111
11141102
332300111
200114003
111411032
230111003
431030111
200030003
311132003
131301221
114211103
200114033
314030003
230031221
224000411
203030411
241400111
312410003
432110003
222003113
200014322
211401221
141230003
320012213
200114111
200114114
330203003
14123003
311132111
21410114
330200411
330203111
200114141
200031332
201113411
311033003
113033111
300122102
312410111