32
2
320003
303002
3030023
33332
332033
3323
332303
3030032
32333
3023
23
2303
30233
2303003
32003
320033
20003
2033
203303
233
33233
233003
323
3020333
32303
230303
2003
2303033
2003003
20033
20333
203333
23303
233033
3233
330323
200303
2003033
3303002
30302
3230303
2300003
3302
3302003
23333
323033
3323003
30332
230003
2300033
2000003
300302
200333
23003
3003023
3002
230033
3002003
2033303
3023003
200003
2000033
3300002
300203
3002033
330002
302303
3300023
3023033
3030203
2330303
332
3000002
3320003
30023
300233
333002
203
33323
300002
303023
3000023
3030233
303323
20303
332003
2030303
302
3320033
3020003
303332
3203303
33002
3233003
30323
330332
333032
3032303
333302
3003332
3033302
3300332
3303032
3303302
330233
203033
203003
2030333
302003
3330302
323303
33032
3033203
303233
3332
33302
300332
303032
303302
330032
330302
3000332
3003032
3003302
3030302
3033002
2333
3203
3300032
32033
3303203
3300302
330023
302033
3032
320303
300032
30002
3230003
33023
3000032
3000302
3003002
3030332
333023
3003323
3030323
3033023
23033
2303303
3303023
2333003
320333
323003
30032
3230033
233303
300323
3000323
200033
230333
2003303
2033003
2030003
33203
333203
2003333
3003233
2033033
3333002
3000203
3300233
2300303
3330203
2330003
303203
330203
3003203
3332003
3020033
300023
3200003
3000233
3300203
2300333
2000303
2330033
30203
3020303
3002303
3203003
3032003
3023303
3033032
3200033
2000333
2030033
3330002
3200303
3203033
3002333
3032033
302333
3300323
3200333
3330023
3302033
3302303
3320303
3330032
3030002