4224
1114113
30000333
3
1411113
33003111
303111
300114
30011403
3030222
411
4113
30012213
30003222
114303
311322
1110303
111112221
111030303
33
330141
114033
303141
3001143
414
3311211
4143
41214
11401221
1221141
414111
12243
11103033
11100222
3330111
441
441000003
11133
3031113
11133003
2220111
2220114
300003411
311133
14214
11141211
44100003
1110111
1110114
300122211
312321
1113303
30003303
3114
311403
133203
1114221
111
141222
114
301221
303222
30122103
111022203
122103
4221
12210303
3000333
114000003
31143
111141
111030411
141
11400411
41103
41241
3012213
11102223
1110441
330303
11400003
114000033
411300003
11114103
41133
441000111
14133
3031221
11133111
41130003
300114111
31224
3033
303303
1110222
30114
30003411
422103
1143
11111241
1143003
222
30333
30122211
3033111
111022311
33003
4332
3011403
114000111
42213
111141111
330222
41211
33303
3303
33141
33033
1140411
114000141
411300111
14241
41100111
111414
11103
1413
141300003
111441
303
414003
41100114
3411111
4413
14130003
30114111
422211
11122311
1143111
333
41403
12240111
33111
33222
33114
3003222
114000222
11211111
41322
4410003
111333
2331
2220411
141111
14111103
223113
411001221
14211111
1221
1110411
3002331
1110414
141300111
14100111
341103
141001113
3114111
301224
1140003
114000303
32331
3222
322200003
11400033
302331
441111
14103003
3300111
314211
330011103
11241111
2331111
14111211
411030003
1410303
1221111
111301113
33001113
301143
11433
141001221
111111
111114
41103003
4121103
1111332
31111221
11130114
114111
114111003
30111
3011103
112113
11211303
331113
412113
3014211
322200111
3333
11411103
411411
301113
330003003
3003111
3011133
300311103
31332
41100141
14103111
330011211
1413003
31221
312210003
33000303
30031113
411030111
311100003
111301221
1221222
4113003
30300222
31221003
111002223
14103
141030003
3003
4121211
31110003
144
311100033
33411
411303
114111111
301413
3011211
3011214
11322
4111221
11211411
300303
3003033
300303003
14403
30112221
23313
12213111
330003111
141114
3011241
300311211
41111211
30001221
12213
300012213
30030303
1221303
141411
30311103
11244
14100141
1113
111303
311100111
311100114
111330003
4113111
111002331
141030111
41100003
3003114
3222003
311100141
4221003
144111
1141221
301110003
3011322
30222003
11322111
41100033
300000003
141033
3003141
300303111
3300114
30111003
2442
300004113
142221
222303
22201113
30303003
4110303
30000003
1332
300012321
11130141
1221411
30311211
30000414
3001221
111411
3030303
311100222
111330111
1141113
30303111
111031113
322311
301110111
301110114
32220003
3300033
300000111
3111
300000114
3301221
4110222
3122103
300004221
3111411
22201221
411141
3111003
300000141
300041103
300000144
30004113
312213
1332111
3000003
222111
30012321
222114
42321
3003303
12211113
3000414
11400111
114222
11400114
111031221
11101113
113223
222141
41100222
300333
3303111
114411
11400141
301110222
32220111
330114
1410003
4110141
11101143
300000222
31110111
31110114
300003
300033003
30411
30000111
2223
304113
30000114
22230003
311211
311100411
31110141
30003
300033
144000003
11111322
141141
13323
3022203
30000141
2223003
41100303
30000144
3003411
12211221
31121103
14400003
301110303
3122211
11101221
333111
4110033
300000303
300414
2221113
30111033
1410111
1410114
303033
1111113
30000033
300000333
31110222
300111
1410141
300033111
304221
30000222
22230111
114300003
311211111
30033003
3411
300141
144000111
300144
11103141
22233
41100411
3141111
11430003
1224
12240003
34113
301110411
322203
11130003
11101332
300111003
311103
300000414
31110303
2221221
4140003
1410222
30000303
30414
11130033
1113141
1111221
30011103
300000441
3000441
300222
3012321
333003
11102331
114300111
30033111
314103
114001113
341211
11114211
41211111
122111211
41130111
301221111
300111111
300111114
3041211
30441
3030111
303011103
3112113
300111141
30033
1440003
30000441
30301113
111011133
114001221
122103111
44103
1410411
11130222
1111413
300111222
31221111
303003
303003003
30111111
22341
30111114
303011211
111011214
1140111
1140114
30300303
300441
330111
33011103
1443
30111141
1221114
111011241
122403
34221
11403
114030003
3301113
30141
11130303
30144
3001113
300111303
11403003
1411221
112113111
1113033
122211
1222113
30011133
341100003
303003111
411114
14100222
11211
30111222
111011322
33003003
34110003
3311103
122322
33011211
11214
30222
112143
1222221
3300303
11122203
114030111
14100003
11241
11130411
33001221
300222003
1112223
1121214
14100033
311400003
41103111
30111303
3030114
111011403
30022203
341100111
411222
3303003
112221
31140003
30303
122241
3441
11411211
331110003
330000003
33111003
30031221
1121133
22422
33000003
300222111
330000033
3030033
1132203
311400111
30111411
111122103
311101113
41400003
112332
3004113
11112213
301410003
1140303
331110111
3000033
300300003
30141003
330000111
32223
330000114
30030003
444
300300033
1124103
30001332
3411003
330000141
303114
112413
30222111
4110114
111122211
330033
311101221
4221111
22311
22314
11111403
41400111
3000114
331221
1140222
41101113
3004221
301410111
114141
301111113
3000141
300300111
3141
300300114
31410003
300001113
3002223
330000222
30300003
300300141
3141003
1124211
133311
300001143
3030003
111114111
30300033
14211
3001332
31113
311130003
11401113
3000222
111144
41101221
3033003
3300003
31113003
330000303
301111221
3222111
300300222
31410111
300001221
3111111
31111113
33000033
30300111
30300114
30001113
302223
3111114
303411
30300141
3000303
3414
14322
223221
30001143
3014103
311130111
3003003
300300303
330111003
4110111
411011103
301140003
30030033
300030003
300001332
1111143
2223111
30001224
1112331
30003003
300030033
14400111
1224111
3111033
300411003
133200003
300001413
330111111
411011211
1421211
301140111
13320003
141011103
300030114
222030003
11430111
14101113
3111303
300030141
3114003
1140141
142113
3111141
1113111
411003111
11131113
30011211
133200111
300112113
141003003
111311103
1113114
30001413
141011211
30011214
300030222
31140111
330003
301332
14100303
3111222
144003
30030111
3000144
30030114
314100003
311241
11400222
30030141
3144
122100033
12432
11131221
13431
23421
111303003
300112221
300030303
11103003
123321
141003111
222222
233211
111311211
112121211
1440111
30112113
30301221
111012213
1121322
1122321
30003033
1132311
22211103
1232211
2220222
30030222
314100111
122100114
2231211
114114
22311003
11112321
3001224
11211222
11212221
11222211
122100141
113331
12210222
12221211
304110003
12321111
300022203
3041103
22200222
303000003
111303111
22311111
300141003
111000141
30411003
414000111
3001413
3000411
30002223
111012321
11214003
222003
303000033
11214111
12210111
312210111
30014103
113220111
122100222
222111003
1110333
11403111
123210111
122133
44100111
222000222
222001221
300014103
222011211
30011241
304110111
222111111
22211211
112110114
1410033
223110111
300022311
233100111
303000111
23310111
34110111
300141111
412221
12321
111222003
111222
30030411
3030411
303000141
3300411
111041103
222300003
1121211
114003003
330300003
11104113
22200303
441003
22200111
4140111
111000222
111001221
22203
22203003
111011211
33030003
111111111
11111211
300014211
30022311
112110111
122100111
112110222
222000111
303000222
31413
330411
33000111
30141111
111000111
11100111
111041211
11111103
33000141
330300111
2334
12324
30330111
112224
122214
123213
233103
330001113
1111224
11111133
112110303
12210003
1232103
14101221
1332003
22203111
42210111
2331003
11101224
141303
303000303
11211114
11212113
33000114
11322003
12210114
12221103
12321003
22200114
4410111
111001224
30014211
14130111
411111
4111113
12213003
111000333
112121103
112221003
113220003
122111103
33000222
122211003
123210003
222000114
222001113
222011103
122211111
223110003
233100003
3300141
11111214
44211
111003033
301221003
1221003
300301113
14211003
11211003
2231103
111000114
111001113
111011103
111111003
330001221
112110003
122100003
222000003
112110411
111003
1121103
111000003
11241003
1121241
303000411
111000414
2220141
11222103
11211141
1122213
12210141
111000441
3300222
11103111
141000222
2220033
112110141
222000141
23310003
112110033
1110033
300301221
1110141
1113003
300002223
330030003
11100114
112221111
22200003
11100003
303111111
111111114
11103303
222033
1110144
1221033
11100144
11211033
12210033
114011103
111000144
111111141
31113111
111111033
222000033
111033
111000033
222411
11100441
12210411
22200411
141111003
300330003
122100411
300002331
222000411
330030111
22200141
422100003
11100033
11100411
111111222
111000411
11100141
42210003
2220003
11103222
33111111
1110003
114011211
2220303
11100414
11101413
111001413
11400303
122100303
222000303
11100303
111000303
22200033
1121403
1413111
3030141
11100333
300330111
1113222
30003111
111111303
300031113
411111003
422100111
30330003
111003222
111004221
111014211
30002331
222003111
30003114
114003111
412110003
111003111
1224003
11103114
411000003
111003114
111004113
111014103
111114003
112113003
311214
122103003
41211003
222003003
114003
111003003
13320111
411000033
111003141
30041103
111111411
300031221
111300303
1113411
11103411
122400003
111003411
111003303
3112221
330000411
1140033
4110003
411000111
411000114
142110003
4110411
31121211
141000003
30011322
300114003
411000141
14100411
300411
411003
300300411
111222111
141000033
111141003
222030111
122400111
122101113
300030111
11130111
111030111
30114003
112410003
300411111
411000222
142110111
303300003
411033
141000111
411001113
141000114
411003003
141003
111030003
30300411
311111103
111300033
141000141
30411111
33300111
122101221
3022311
411000303
14100114
300030411
112410111
111033111
112111113
111033003
303300111
111300114
303001113
311103003
114000411
311211003
33300003
414000003
303000114
311111211
111300141
300000411
111001143
111411111
3330003
41111103
222300111
31110411
301121103
114000114
122130003
411000411
1421103
300011103
31110033
111300111
141000303
112111221
300011133
111300222
301110141
303001221
311103111
111411003
302220003
111300003
11104221
300001224
11141103
301113003
30000411
301110033
300000033
301121211
122130111
411111111
300011211
111300411
300011214
302220111
300003033
303111003
141000411
112140003
300011241
303030003
111001332
311100303
111030033
301113111
33000411
300041211
30004221
300003111
300003114
300011322
300003141
141111111
112140111
30041211
3000111
303030111
111030114
300111033
111030141
300011403
300003222
412110111
333000003
111112113
333000111
30003141
111030222
300111411
33030111
300003303
300003003
300122103