200033
300023
300032
233
323
332
2
23033
32033
33023
33032
2333
3233
3323
3332
2303
3203
3302
2003
3002
2000333
3000233
3000323
3000332
203003
302003
303002
200303
300203
300302
23
32
2030033
3020033
3030023
3030032
230003
320003
330002
23303
32303
33203
33302
203
302
2003033
3002033
3003023
3003032
20303
30203
30302
2030303
3020303
3030203
3030302
2300003
3200003
3300002
20033
30023
30032
2003303
3002303
3003203
3003302
2033
3023
3032
2033003
3023003
3032003
3033002
200333
300233
300323
300332
23003
32003
33002
230033
320033
330023
330032
20003
30002
203033
302033
303023
303032
230303
320303
330203
330302
2300033
3200033
3300023
3300032
2000003
3000002
203303
302303
303203
303302
233003
323003
332003
333002
2300303
3200303
3300203
3300302
2330003
3230003
3320003
3330002
20333
30233
30323
30332
2303003
3203003
3302003
3303002
200003
300002
2000033
3000023
3000032
2000303
3000203
3000302
2030003
3020003
3030002
2003003
3002003
3003002