22
31
1
220003
310003
320002
203002
302002
303001
2030023
3020023
3030013
3030022
23332
32332
33232
33322
33331
232033
322033
331033
332023
332032
2323
3223
3313
3322
232303
322303
331303
332203
332302
2030032
3020032
3030031
22333
31333
32233
32323
2023
3013
3022
13
1303
2203
2302
20233
30133
30223
30232
1303003
2203003
2302003
2303002
22003
31003
32002
220033
310033
320023
320032
10003
20002
1033
2032
103303
202303
203203
203302
133
223
232
23233
33133
33223
133003
223003
232003
233002
313
322
2020333
3010333
3020233
3020323
3020332
22303
31303
32203
32302
130303
220303
230203
230302
1003
2002
1303033
2203033
2302033
2303023
2303032
1003003
2002003
2003002
10033
20023
20032
10333
20323
20332
103333
202333
203233
203323
203332
13303
23203
23302
133033
223033
233023
233032
2233
3133
3232
230323
320323
330223
330313
330322
100303
200203
200302
1003033
2002033
2003023
2003032
3203002
3302002
3303001
20302
30202
30301
2230303
3130303
3220303
3230203
3230302
1300003
2200003
2300002
3202
3301
3202003
3301003
13333
23323
313033
323023
323032
2323003
3223003
3313003
3322003
3323002
30322
30331
130003
230002
1300033
2200033
2300023
2300032
1000003
2000002
300202
300301
100333
200233
200323
200332
13003
23002
3002023
3003013
3003022
3001
130033
230023
230032
3001003
3002002
1033303
2023303
2032303
2033203
2033302
2023003
3013003
3022003
3023002
100003
200002
1000033
2000023
2000032
3200002
3300001
300103
3001033
3002032
330001
301303
302203
302302
3200023
3300013
3300022
2023033
3013033
3022033
3023023
3023032
2030203
3020203
3030103
3030202
1330303
2320303
2330203
2330302
331
3000001
2320003
3220003
3310003
3320002
30013
30022
300133
300223
300232
323002
332002
333001
103
202
33313
300001
203023
302023
303013
303022
3000013
3000022
2030233
3030133
3030223
3030232
302323
303223
303313
303322
10303
20203
322003
331003
1030303
2020303
2030302
301
2320033
3220033
3310033
3320023
3320032
2020003
3010003
3020002
302332
303232
303331
2203303
3103303
3202303
3203203
3203302
33001
2233003
3133003
3232003
3233002
30313
230332
320332
330232
330331
333022
333031
3022303
3031303
3032203
3032302
233302
323302
333202
333301
2003332
3002332
3003232
3003322
3003331
3023302
3033202
3033301
2300332
3200332
3300232
3300322
3300331
3203032
3302032
3303022
3303031
2303302
3302302
3303202
3303301
230233
320233
330133
103033
202033
203032
103003
202003
1030333
2030323
2030332
301003
3320302
3330202
3330301
223303
313303
323203
23032
32032
33022
33031
3023203
3033103
302233
303133
2332
3331
33202
33301
300322
300331
302032
303031
303202
303301
330022
330031
320302
330202
330301
2000332
3000232
3000322
3000331
3003031
2003302
3002302
3003202
3003301
3020302
3030301
2033002
3032002
3033001
1333
3103
3200032
3300031
22033
31033
32023
2303203
3302203
3303103
2300302
3200302
3300202
3300301
330013
301033
3031
310303
320203
200032
300022
300031
30001
2230003
3130003
3230002
23023
33013
3000031
2000302
3000202
3000301
3003001
3030322
3030331
333013
2003323
3002323
3003223
3003313
3030313
2033023
3032023
3033013
3033022
13033
1303303
2302303
3203023
3302023
3303013
1333003
2332003
2333002
220333
310333
313003
30031
2230033
3130033
3230023
3230032
133303
233203
300313
2000323
3000223
3000313
100033
200023
130333
1003303
2002303
2003203
1033003
2032003
1030003
2030002
33103
333103
1003333
2002333
2003233
3002233
3003133
1033033
2032033
2033032
3332002
3333001
2000203
3000103
2300233
3200233
3300133
3300223
1300303
2200303
2300203
3320203
3330103
1330003
2330002
303103
330103
3002203
3003103
3331003
2020033
3010033
300013
3100003
2000233
3000133
3200203
3300103
1300333
2200333
2300323
1000303
1330033
2330023
2330032
30103
3010303
3001303
3103003
3031003
3013303
3032032
3033031
3100033
1000333
1030033
3330001
3100303
3103033
3202033
3001333
3031033
301333
3200323
3300313
3100333
3330013
3330022
3301033
3301303
3310303
3330031
3030001