3224
4124
4214
4223
114113
1014113
1104113
1113113
1114013
1114103
1114112
20000333
30000233
30000323
30000332
2
411113
1311113
1401113
1410113
1411013
1411103
1411112
23003111
32003111
33002111
33003011
33003101
3300311
203111
302111
303011
303101
30311
200114
300014
300104
300113
20011403
30001403
30010403
30011303
30011402
2030222
3020222
3030122
3030212
3030221
311
401
41
3113
4013
4103
4112
20012213
30002213
30011213
30012113
30012203
30012212
20003222
30002222
30003122
30003212
30003221
14303
104303
113303
114203
114302
211322
301322
310322
311222
311312
311321
110303
1010303
1100303
1110203
1110302
11112221
101112221
110112221
111012221
111102221
111111221
111112121
111112211
11111222
11030303
101030303
110030303
111020303
111030203
111030302
23
32
230141
320141
330041
330131
33014
14033
104033
113033
114023
114032
203141
302141
303041
303131
30314
2001143
3000143
3001043
3001133
3001142
314
404
413
2311211
3211211
3301211
3310211
3311111
3311201
331121
3143
4043
4133
4142
31214
40214
41114
41204
41213
1401221
10401221
11301221
11400221
11401121
11401211
1140122
221141
1121141
1211141
1220141
1221041
1221131
122114
314111
404111
413111
414011
414101
41411
2243
11243
12143
12233
12242
1103033
10103033
11003033
11102033
11103023
11103032
1100222
10100222
11000222
11100122
11100212
11100221
2330111
3230111
3320111
3330011
3330101
333011
341
431
44
341000003
431000003
440000003
441000002
1133
10133
11033
11123
11132
2031113
3021113
3030113
3031013
3031103
3031112
1133003
10133003
11033003
11123003
11132003
11133002
1220111
2120111
2210111
2220011
2220101
222011
1220114
2120114
2210114
2220014
2220104
2220113
200003411
300002411
300003311
300003401
30000341
211133
301133
310133
311033
311123
311132
13214
14114
14204
14213
1141211
10141211
11041211
11131211
11140211
11141111
11141201
1114121
34100003
43100003
44000003
44100002
110111
1010111
1100111
1110011
1110101
111011
110114
1010114
1100114
1110014
1110104
1110113
200122211
300022211
300112211
300121211
300122111
300122201
30012221
212321
302321
312221
312311
31232
1013303
1103303
1112303
1113203
1113302
20003303
30002303
30003203
30003302
2114
3014
3104
211403
301403
310403
311303
311402
33203
123203
132203
133103
133202
114221
1014221
1104221
1113221
1114211
111422
11
101
41222
131222
140222
141122
141212
141221
14
104
113
201221
300221
301121
301211
30122
203222
302222
303122
303212
303221
20122103
30022103
30112103
30121103
30122003
30122102
11022203
101022203
110022203
111012203
111021203
111022103
111022202
22103
112103
121103
122003
122102
3221
4121
4211
422
2210303
11210303
12110303
12200303
12210203
12210302
2000333
3000233
3000323
3000332
14000003
104000003
113000003
114000002
21143
30143
31043
31133
31142
11141
101141
110141
111041
111131
11114
11030411
101030411
110030411
111020411
111030311
111030401
11103041
131
1400411
10400411
11300411
11400311
11400401
1140041
31103
40103
41003
41102
31241
40241
41141
41231
2012213
3002213
3011213
3012113
3012203
3012212
1102223
10102223
11002223
11101223
11102123
11102213
11102222
110441
1010441
1100441
1110341
1110431
111044
230303
320303
330203
330302
1400003
10400003
11300003
11400002
14000033
104000033
113000033
114000023
114000032
311300003
401300003
410300003
411200003
411300002
10114103
11014103
11104103
11113103
11114003
11114102
40133
41033
41123
41132
341000111
431000111
440000111
441000011
441000101
44100011
13133
14123
14132
2031221
3021221
3031121
3031211
1133111
10133111
11033111
11123111
11132111
11133011
11133101
1113311
31130003
40130003
41030003
41120003
41130002
200114111
300014111
300104111
300113111
300114011
300114101
30011411
21224
30224
31124
31223
2033
3023
3032
203303
302303
303203
303302
110222
1010222
1110122
1110212
1110221
20114
30014
30104
30113
20003411
30002411
30003311
30003401
3000341
322103
412103
421103
422003
422102
143
1043
1142
1111241
10111241
11011241
11101241
11110241
11111141
11111231
1111124
143003
1043003
1142003
1143002
122
212
221
20333
30233
30323
30332
20122211
30022211
30112211
30121211
30122111
30122201
3012221
2033111
3023111
3032111
3033011
3033101
303311
11022311
101022311
110022311
111012311
111021311
111022211
111022301
11102231
23003
32003
33002
3332
4232
4322
4331
2011403
3001403
3010403
3011303
3011402
14000111
104000111
113000111
114000011
114000101
11400011
32213
42113
42203
42212
101141111
110141111
111041111
111131111
111140111
111141011
111141101
11114111
230222
320222
330122
330212
330221
31211
40211
41111
41201
23303
32303
33302
2303
3203
3302
23141
32141
33041
33131
3314
23033
32033
33023
33032
140411
1040411
1130411
1140311
1140401
114041
14000141
104000141
113000141
114000041
114000131
11400014
311300111
401300111
410300111
411200111
411300011
411300101
41130011
4241
13241
14141
14231
1424
31100111
40100111
41000111
41100011
41100101
4110011
11414
101414
110414
111314
111404
111413
1103
10103
11003
11102
1313
1403
1412
41300003
131300003
140300003
141200003
141300002
11441
101441
111341
111431
11144
203
302
314003
404003
413003
414002
31100114
40100114
41000114
41100014
41100104
41100113
2411111
3401111
3410111
3411011
3411101
341111
3413
4313
4403
4412
4130003
13130003
14030003
14120003
14130002
20114111
30014111
30104111
30113111
30114011
30114101
3011411
322211
412211
421211
422111
422201
42221
1122311
10122311
11112311
11121311
11122211
11122301
1112231
143111
1043111
1142111
1143011
1143101
114311
233
323
332
31403
40403
41303
41402
2240111
11240111
12140111
12230111
12240011
12240101
1224011
23111
32111
33011
33101
3311
23222
32222
33122
33212
33221
23114
32114
33104
33113
2003222
3002222
3003122
3003212
3003221
14000222
104000222
113000222
114000122
114000212
114000221
1211111
10211111
11111111
11201111
11210111
11211011
11211101
1121111
31322
40322
41312
41321
3410003
4310003
4400003
4410002
11333
101333
110333
111233
111323
111332
1331
2231
2321
1220411
2120411
2210411
2220311
2220401
222041
131111
140111
141011
141101
14111
4111103
13111103
14011103
14101103
14110103
14111003
14111102
123113
213113
222113
223013
223103
223112
311001221
401001221
410001221
411000221
411001121
411001211
41100122
4211111
13211111
14111111
14201111
14210111
14211011
14211101
1421111
1121
1211
110411
1010411
1100411
1110311
1110401
2002331
3001331
3002231
3002321
300233
1010414
1100414
1110314
1110404
1110413
41300111
131300111
140300111
141200111
141300011
141300101
14130011
4100111
13100111
14100011
14100101
1410011
241103
331103
340103
341003
341102
41001113
131001113
140001113
141000113
141001013
141001103
141001112
2114111
3014111
3104111
3113111
3114011
3114101
311411
201224
300224
301124
301214
301223
140003
1040003
1130003
1140002
14000303
104000303
113000303
114000203
114000302
22331
31331
32231
32321
3233
2222
3122
3212
222200003
312200003
321200003
322100003
322200002
1400033
10400033
11300033
11400023
11400032
202331
301331
302231
431111
440111
441011
441101
44111
4103003
13103003
14003003
14102003
14103002
2300111
3200111
3300011
3300101
330011
214211
304211
313211
314201
31421
230011103
320011103
330001103
330010103
330011003
330011102
1241111
10241111
11231111
11241011
11241101
1124111
1331111
2231111
2321111
2331011
2331101
233111
4111211
13111211
14011211
14101211
14110211
14111201
1411121
311030003
401030003
410030003
411020003
411030002
410303
1310303
1400303
1410203
1410302
221111
1221011
1221101
122111
11301113
101301113
110301113
111201113
111300113
111301013
111301103
111301112
23001113
32001113
33000113
33001013
33001103
33001112
201143
300143
301043
301142
1433
10433
11423
11432
41001221
131001221
140001221
141000221
141001121
141001211
14100122
11111
101111
111101
101114
111014
111104
111113
31103003
40103003
41003003
41102003
41103002
3121103
4021103
4120103
4121003
4121102
1011332
1101332
1110332
1111232
1111322
1111331
21111221
30111221
31011221
31101221
31110221
31111121
31111211
3111122
1130114
10130114
11030114
11120114
11130014
11130104
11130113
104111
113111
114011
114101
11411
104111003
113111003
114011003
114101003
114110003
114111002
20111
30011
30101
3011
2011103
3001103
3010103
3011003
3011102
12113
102113
112013
112112
1211303
10211303
11111303
11201303
11211203
11211302
231113
321113
330113
331013
331112
312113
402113
412013
412112
2014211
3004211
3013211
3014201
301421
222200111
312200111
321200111
322100111
322200011
322200101
32220011
2333
3323
10411103
11311103
11401103
11410103
11411003
11411102
401411
410411
411311
411401
201113
301013
301103
301112
230003003
320003003
330002003
330003002
2003111
3002111
3003011
3003101
300311
2011133
3010133
3011033
3011123
3011132
200311103
300211103
300301103
300310103
300311003
300311102
21332
31100141
40100141
41000141
41100041
41100131
4110014
4103111
13103111
14003111
14102111
14103011
14103101
1410311
230011211
320011211
330001211
330010211
330011111
330011201
33001121
1313003
1403003
1412003
1413002
21221
30221
31121
212210003
302210003
311210003
312110003
312210002
23000303
32000303
33000203
33000302
20031113
30021113
30030113
30031013
30031103
30031112
311030111
401030111
410030111
411020111
411030011
411030101
41103011
211100003
301100003
310100003
311000003
311100002
101301221
110301221
111201221
111300221
111301121
111301211
11130122
221222
1121222
1211222
1220222
1221122
1221212
1221221
3113003
4013003
4112003
4113002
20300222
30200222
30300122
30300212
30300221
21221003
30221003
31121003
31211003
31220003
31221002
101002223
110002223
111001223
111002123
111002213
111002222
13103
14003
14102
131030003
140030003
141020003
141030002
2003
3002
3121211
4021211
4120211
4121111
4121201
412121
21110003
30110003
31010003
31100003
31110002
134
211100033
301100033
310100033
311000033
311100023
311100032
23411
32411
33311
33401
3341
401303
411203
411302
104111111
113111111
114011111
114101111
114110111
114111011
114111101
11411111
201413
300413
301313
301412
2011211
3001211
3010211
3011111
3011201
2011214
3001214
3010214
3011114
3011204
1322
10322
11222
11312
11321
3111221
4011221
4101221
4110221
4111121
411122
1211411
10211411
11111411
11201411
11210411
11211311
11211401
200303
300203
300302
2003033
3002033
3003023
3003032
200303003
300203003
300302003
300303002
13403
14402
20112221
30102221
30112121
3011222
13313
22313
23213
23312
2213111
11213111
12113111
12203111
12212111
12213011
12213101
1221311
230003111
320003111
330002111
330003011
330003101
33000311
131114
140114
141014
141104
141113
2011241
3001241
3010241
3011141
3011231
200311211
300211211
300301211
300310211
300311111
300311201
30031121
40111211
41011211
41101211
41110211
41111111
41111201
20001221
30000221
30001121
30001211
3000122
2213
11213
12203
12212
200012213
300002213
300011213
300012113
300012203
300012212
20030303
30020303
30030203
30030302
221303
1121303
1220303
1221203
1221302
131411
141311
141401
20311103
30211103
30301103
30310103
30311003
30311102
1244
10244
11234
4100141
13100141
14100041
14100131
1410014
1013
1112
11303
101303
111203
111302
211100111
301100111
310100111
311000111
311100011
311100101
31110011
211100114
301100114
310100114
311000114
311100014
311100104
311100113
11330003
101330003
110330003
111230003
111320003
111330002
4013111
4112111
4113011
4113101
11002331
101002331
110002331
111001331
111002231
111002321
11100233
41030111
131030111
140030111
141020111
141030011
141030101
40100003
41000003
41100002
2003114
3002114
3003014
3003104
3003113
2222003
3122003
3212003
3221003
3222002
211100141
301100141
310100141
311000141
311100041
311100131
31110014
4211003
4220003
4221002
134111
144011
144101
14411
1041221
1131221
1140221
1141121
114122
201110003
300110003
301010003
301110002
2011322
3001322
3010322
3011312
3011321
20222003
30212003
30222002
1322111
10322111
11222111
11312111
11321111
11322011
11322101
1132211
31100033
40100033
41000033
41100023
41100032
200000003
300000002
131033
140033
141023
141032
2003141
3002141
3003041
3003131
300314
200303111
300203111
300302111
300303011
300303101
30030311
2300114
3200114
3300014
3300104
3300113
20111003
30011003
30101003
30111002
1442
2342
2432
2441
200004113
300003113
300004013
300004103
300004112
132221
142121
142211
14222
122303
212303
222203
222302
12201113
21201113
22101113
22200113
22201013
22201103
22201112
20303003
30203003
30302003
30303002
3110303
4010303
4100303
4110203
4110302
20000003
30000002
1232
200012321
300002321
300011321
300012221
300012311
30001232
1130141
10130141
11030141
11120141
11130041
11130131
1113014
221411
1121411
1221401
122141
20311211
30211211
30301211
30310211
30311111
30311201
20000414
30000314
30000404
30000413
2001221
3000221
3001121
300122
101411
111311
111401
2030303
3020303
3030203
3030302
211100222
301100222
310100222
311000222
311100122
311100212
311100221
11330111
101330111
110330111
111230111
111320111
111330011
111330101
1041113
1131113
1140113
1141013
1141103
1141112
20303111
30203111
30302111
30303011
30303101
3030311
11031113
101031113
110031113
111021113
111030113
111031013
111031103
111031112
222311
321311
322301
201110111
300110111
301010111
301110011
301110101
30111011
201110114
300110114
301010114
301110014
301110104
301110113
22220003
32120003
32210003
32220002
2300033
3200033
3300023
3300032
200000111
300000011
300000101
30000011
2111
3101
200000114
300000014
300000104
300000113
2301221
3201221
3300221
3301121
3110222
4010222
4100222
4110122
4110212
2122103
3022103
3112103
3122102
200004221
300003221
300004121
300004211
30000422
2111411
3101411
3110411
3111311
3111401
311141
12201221
21201221
22101221
22200221
22201121
22201211
2220122
401141
410141
411041
411131
2111003
3101003
3110003
3111002
200000141
300000041
300000131
30000014
200041103
300031103
300040103
300041003
300041102
200000144
300000044
300000134
300000143
20004113
30003113
30004013
30004103
30004112
212213
302213
311213
312203
312212
332111
1232111
1332011
1332101
133211
2000003
3000002
212111
222101
22211
20012321
30002321
30011321
30012311
3001232
212114
221114
222014
222104
42311
2003303
3002303
3003203
3003302
2211113
11211113
12111113
12210113
12211013
12211103
12211112
2000414
3000314
3000404
3000413
1400111
10400111
11300111
11400101
1140011
104222
113222
114212
1400114
10400114
11300114
11400104
11400113
11031221
101031221
110031221
111021221
111030221
111031121
111031211
11103122
1101113
10101113
11001113
11100113
11101013
11101103
11101112
13223
103223
112223
113123
113213
212141
222131
22214
31100222
40100222
41000222
41100212
41100221
200333
300323
300332
2303111
3203111
3302111
3303011
3303101
330311
104411
113411
114401
1400141
10400141
11300141
11400041
11400131
1140014
201110222
300110222
301010222
301110122
301110212
301110221
22220111
31220111
32120111
32210111
32220101
3222011
230114
320114
330014
330104
410003
1310003
1410002
3110141
4010141
4110041
4110131
411014
1101143
10101143
11001143
11100143
11101043
11101133
11101142
200000222
300000122
300000212
300000221
21110111
30110111
31010111
31110101
3111011
21110114
30110114
31010114
31110104
31110113
200003
300002
200033003
300023003
300032003
300033002
20411
30401
3041
20000111
30000101
3000011
1223
2123
204113
303113
304013
304103
304112
20000114
30000104
30000113
12230003
21230003
22130003
22230002
211211
310211
311111
311201
211100411
301100411
310100411
311000411
311100311
311100401
31110041
21110141
30110141
31010141
31110131
3111014
20003
30002
200033
300023
300032
134000003
143000003
144000002
10111322
11011322
11101322
11110322
11111312
11111321
131141
140141
141041
141131
12323
13322
2022203
3021203
3022202
20000141
30000041
30000131
3000014
1223003
2123003
2213003
2223002
31100303
40100303
41000303
41100203
41100302
20000144
30000044
30000134
30000143
2003411
3002411
3003311
3003401
300341
2211221
11211221
12111221
12210221
12211121
12211211
21121103
31021103
31111103
31120103
31121102
13400003
14300003
14400002
201110303
300110303
301010303
301100303
301110203
301110302
2122211
3022211
3112211
3122111
3122201
1101221
10101221
11001221
11101121
11101211
323111
333101
3110033
4010033
4100033
4110023
4110032
200000303
300000203
300000302
200414
300404
1221113
2121113
2221013
2221103
2221112
20111033
30011033
30101033
30110033
30111023
30111032
410111
1310111
1410101
410114
1310114
1410104
203033
302033
303023
303032
1011113
1111013
1111103
1111112
20000033
30000023
30000032
200000333
300000233
300000323
300000332
21110222
30110222
31010222
31110122
31110212
200111
300011
300101
1310141
1410041
1410131
200033111
300023111
300032111
300033011
300033101
204221
304121
30422
20000222
30000122
30000212
21230111
22130111
22230011
22230101
2223011
104300003
113300003
114200003
114300002
211211111
301211111
310211111
311111111
311201111
311210111
311211011
311211101
31121111
20033003
30023003
30032003
30033002
2411
3401
200141
300041
300131
44000111
134000111
143000111
144000011
144000101
14400011
200144
300044
300134
1103141
10103141
11003141
11102141
11103131
21233
22133
22223
22232
31100411
40100411
41000411
41100311
41100401
2141111
3041111
3131111
3140111
3141011
3141101
1430003
10430003
11420003
11430002
224
1124
1214
2240003
11240003
12140003
12240002
24113
34013
34103
34112
201110411
300110411
301010411
301110311
301110401
30111041
321203
322202
10130003
11030003
11120003
11130002
10101332
11001332
11100332
11101232
11101331
200111003
300011003
300101003
300111002
211103
310103
311003
311102
200000414
300000314
300000404
300000413
21110303
30110303
31010303
31110203
31110302
2121221
2220221
2221121
2221211
222122
3140003
4040003
4140002
410222
1310222
1400222
1410122
1410212
1410221
20000303
30000203
30000302
20414
30404
30413
1130033
10130033
11030033
11120033
11130023
11130032
113141
1013141
1112141
1113041
1113131
111221
1011221
1111121
1111211
111122
20011103
30001103
30010103
30011102
200000441
300000341
300000431
2000441
3000431
200222
300212
2012321
3012311
301232
233003
323003
332003
333002
1102331
10102331
11102321
1110233
14300111
104300111
113300111
114200111
114300011
114300101
11430011
20033111
30023111
30032111
30033011
30033101
214103
313103
314102
14001113
104001113
113001113
114000113
114001013
114001103
114001112
241211
331211
340211
341201
34121
10114211
11014211
11104211
11113211
11114201
1111421
31211111
40211111
41201111
41210111
41211011
41211101
22111211
112111211
121111211
122011211
122101211
122110211
122111111
122111201
31130111
40130111
41120111
41130101
201221111
300221111
301121111
301220111
301221011
301221101
200111111
300011111
300101111
300111011
300111101
30011111
200111114
300011114
300101114
300111014
300111104
300111113
2041211
3040211
3041201
20441
30341
30431
3044
2030111
3020111
3030011
3030101
203011103
302011103
303001103
303010103
303011003
303011102
2112113
3102113
3111113
3112013
3112112
200111141
300011141
300101141
300110141
300111041
300111131
30011114
20033
30023
30032
440003
1340003
1440002
20000441
30000431
3000044
20301113
30201113
30300113
30301013
30301112
11011133
101011133
110011133
111001133
111010133
111011033
111011123
111011132
14001221
104001221
113001221
114001121
114001211
11400122
22103111
112103111
121103111
122003111
122102111
122103011
122103101
12210311
43103
44003
44102
1310411
1410401
1130222
10130222
11030222
11120222
11130212
11130221
1011413
1101413
1111313
1111403
1111412
200111222
300011222
300101222
300111122
300111212
300111221
21221111
30221111
31221011
31221101
203003
302003
303002
203003003
302003003
303002003
303003002
20111111
30101111
30111101
12341
21341
22241
2234
20111114
30101114
30111014
30111104
30111113
203011211
302011211
303001211
303010211
303011111
303011201
30301121
11011214
101011214
110011214
111001214
111010214
111011114
111011204
111011213
1040111
1130111
1140101
1040114
1140104
20300303
30200303
30300203
30300302
200441
300431
30044
230111
320111
330101
23011103
32011103
33010103
33011003
33011102
443
1343
20111141
30011141
30101141
30111131
1121114
1211114
1221014
1221104
101011241
110011241
111001241
111010241
111011141
111011231
11101124
22403
112403
121403
122402
24221
34211
3422
10403
11402
104030003
113030003
114020003
114030002
2301113
3201113
3301013
3301103
3301112
20141
30041
30131
1130303
10130303
11120303
11130203
11130302
20144
30134
2001113
3000113
3001013
3001112
200111303
300011303
300101303
300111203
300111302
10403003
11303003
11402003
11403002
411221
1311221
1411211
102113111
111113111
112013111
112112111
112113011
112113101
1013033
1112033
1113023
1113032
112211
121211
122201
12221
1122113
1212113
1222013
1222103
1222112
20011133
30001133
30010133
30011123
30011132
241100003
331100003
340100003
341100002
203003111
302003111
303002111
303003011
303003101
30300311
311114
401114
411104
13100222
14100212
14100221
10211
11201
20111222
30011222
30101222
30111122
30111212
101011322
110011322
111001322
111010322
111011222
111011312
111011321
23003003
32003003
33002003
33003002
24110003
33110003
34010003
34110002
2311103
3211103
3310103
3311003
3311102
22322
112322
121322
122222
122312
122321
23011211
32011211
33001211
33010211
33011111
33011201
10214
11204
20222
30212
102143
111143
112043
112133
112142
222221
1122221
1212221
1222121
1222211
2300303
3200303
3300203
3300302
1122203
10122203
11112203
11121203
11122103
11122202
14030111
104030111
113030111
114020111
114030011
114030101
11403011
4100003
13100003
14100002
1241
10241
11231
10130411
11120411
11130311
11130401
23001221
32001221
33000221
3300122
200222003
300122003
300212003
300221003
300222002
1012223
1111223
1112123
1112213
1112222
121214
1021214
1111214
1120214
1121204
1121213
13100033
14100023
14100032
211400003
301400003
310400003
311400002
31103111
40103111
41003111
41102111
41103101
4110311
20111303
30101303
30111203
30111302
2030114
3020114
3030014
3030104
11011403
101011403
110011403
111001403
111010403
111011303
111011402
20022203
30021203
30022202
241100111
331100111
340100111
341100011
341100101
34110011
401222
411212
2303003
3203003
3302003
3303002
102221
112121
21140003
30140003
31040003
31140002
20303
30203
30302
112241
121241
122231
12224
3431
344
10411211
11311211
11410211
11411201
231110003
321110003
330110003
331010003
331110002
230000003
320000003
330000002
23111003
32111003
33101003
33111002
20031221
30021221
30030221
30031211
121133
1021133
1111133
1120133
1121033
1121123
1121132
12422
21422
22412
22421
23000003
32000003
33000002
200222111
300212111
300222011
300222101
230000033
320000033
330000023
330000032
2030033
3020033
3030023
3030032
1032203
1131203
1132103
1132202
211400111
301400111
310400111
311400011
311400101
31140011
20111411
30101411
30110411
30111311
30111401
101122103
110122103
111112103
111121103
111122003
111122102
211101113
301101113
310101113
311001113
311101013
311101103
311101112
31400003
40400003
41400002
12332
102332
112232
112331
2004113
3004013
3004103
3004112
10112213
11012213
11111213
11112113
11112212
201410003
300410003
301310003
301410002
140303
1040303
1140203
1140302
231110111
321110111
330110111
331010111
331110011
331110101
33111011
2000033
3000023
3000032
200300003
300200003
300300002
20141003
30041003
30131003
30141002
230000111
320000111
330000011
330000101
33000011
32123
230000114
320000114
330000014
330000104
330000113
20030003
30020003
30030002
434
200300033
300200033
300300023
300300032
124103
1024103
1123103
1124003
1124102
20001332
30001322
30001331
2411003
3401003
3411002
230000141
320000141
330000041
330000131
33000014
203114
302114
303014
303104
12413
102413
112313
112412
20222111
30212111
30222011
30222101
3110114
4010114
4100114
4110104
4110113
101122211
110122211
111121211
111122111
111122201
230033
320033
330023
330032
211101221
301101221
310101221
311101121
311101211
3221111
4220111
4221011
4221101
12311
21311
22301
12314
21314
22304
10111403
11101403
11110403
11111402
31400111
40400111
41400011
41400101
4140011
2000114
3000104
231221
321221
1040222
1140212
31101113
40101113
41101013
41101103
41101112
2004221
3004121
300422
201410111
300410111
301310111
301410011
301410101
30141011
104141
114131
201111113
301011113
301111013
301111103
301111112
2000141
3000041
3000131
200300111
300200111
300300011
300300101
30030011
2141
3131
200300114
300200114
300300014
300300104
300300113
21410003
30410003
31310003
31410002
200001113
300001013
300001103
300001112
2002223
3001223
3002123
230000222
320000222
330000122
330000212
330000221
20300003
30200003
30300002
200300141
300200141
300300041
300300131
30030014
2141003
3041003
3131003
3141002
124211
1024211
1123211
1124201
112421
123311
132311
133301
13331
200001143
300001043
300001133
300001142
2030003
3020003
3030002
101114111
110114111
111014111
111104111
111114011
111114101
20300033
30200033
30300023
30300032
13211
14201
1421
2001332
21113
31013
31112
211130003
301130003
310130003
311120003
311130002
10401113
11401013
11401112
2000222
3000212
101144
110144
111134
40101221
41101121
2033003
3023003
3032003
3033002
2300003
3200003
3300002
21113003
30113003
31013003
31112003
31113002
230000303
320000303
330000203
330000302
201111221
301011221
301111121
301111211
2222111
3212111
3222101
200300222
300200222
300300122
300300212
300300221
21410111
30410111
31310111
31410011
31410101
200001221
300001121
300001211
2111111
3101111
3110111
3111101
21111113
31011113
31111013
31111112
23000033
32000033
33000023
33000032
20300111
30200111
30300011
30300101
20300114
30200114
30300014
30300104
20001113
30001013
30001112
202223
302123
2111114
3101114
3111104
203411
302411
303401
20300141
30200141
30300041
30300131
2000303
3000203
3000302
2414
3404
14312
14321
123221
213221
223121
223211
20001143
30001043
30001142
2014103
3013103
3014003
3014102
211130111
301130111
310130111
311120111
311130011
311130101
31113011
2003003
3002003
3003002
200300303
300200303
300300203
300300302
230111003
320111003
330101003
330111002
4010111
4110101
411011
311011103
401011103
410011103
411001103
411010103
411011003
411011102
201140003
300140003
301040003
301140002
20030033
30020033
30030023
30030032
200030003
300020003
300030002
200001332
300001232
300001322
300001331
1011143
1110143
1111043
1111142
1223111
2123111
2223101
20001224
30000224
30001124
30001214
30001223
1012331
1112321
20003003
30002003
30003002
200030033
300020033
300030023
300030032
4400111
13400111
14400101
1440011
224111
1214111
1224101
122411
2111033
3101033
3111023
3111032
200411003
300401003
300411002
33200003
123200003
132200003
133100003
133200002
200001413
300001313
300001403
300001412
230111111
320111111
330101111
330111011
330111101
311011211
401011211
410011211
411010211
411011111
411011201
1321211
1420211
1421201
201140111
300140111
301040111
301140011
301140101
3320003
12320003
13220003
13310003
13320002
41011103
131011103
140011103
141010103
141011003
141011102
200030114
300020114
300030014
300030104
300030113
122030003
212030003
221030003
222020003
222030002
1430111
10430111
11420111
11430101
4101113
13101113
14100113
14101013
14101112
2111303
3101303
3111203
3111302
200030141
300020141
300030041
300030131
30003014
2114003
3104003
3114002
1040141
1140131
114014
132113
142013
142103
142112
2111141
3101141
3111041
3111131
1013111
1103111
1112111
1113011
1113101
311003111
401003111
410003111
411002111
411003011
411003101
10131113
11121113
11131013
11131103
11131112
20011211
30010211
30011201
33200111
123200111
132200111
133100111
133200011
133200101
13320011
200112113
300102113
300112013
300112103
300112112
131003003
140003003
141002003
141003002
101311103
110311103
111211103
111310103
111311003
111311102
113114
1013114
1103114
1112114
1113104
20001413
30001313
30001412
131011211
140011211
141010211
141011111
141011201
14101121
20011214
30010214
30011204
200030222
300020222
300030122
300030212
300030221
21140111
30140111
31040111
31140101
230003
320003
330002
201332
13100303
14100203
14100302
2111222
3101222
3111212
134003
144002
20030111
30020111
30030101
2000144
3000134
20030114
30020114
30030104
214100003
304100003
313100003
314000003
314100002
211241
301241
310241
311231
10400222
11300222
11400212
20030141
30020141
30030041
30030131
2144
3134
22100033
112100033
121100033
122000033
122100023
122100032
12431
10131221
11121221
11131121
1113122
13421
23321
101303003
110303003
111203003
111302003
111303002
200112221
300102221
300112121
200030303
300020303
300030203
300030302
1103003
10103003
11003003
11102003
11103002
113321
131003111
140003111
141002111
141003011
141003101
14100311
212222
222212
232211
233201
101311211
110311211
111211211
111310211
111311111
111311201
12121211
102121211
112021211
112120211
112121111
112121201
11212121
1340111
1440101
20112113
30102113
30112013
30112112
20301221
30201221
101012213
110012213
111012113
111012212
1021322
1120322
1121312
1121321
1022321
20003033
30002033
30003023
30003032
1032311
1131311
1132301
113231
21211103
22111103
22210103
22211003
22211102
1231211
1232201
2120222
2210222
2220212
20030222
30020222
30030122
30030212
214100111
304100111
313100111
314000111
314100011
314100101
22100114
112100114
121100114
122000114
122100014
122100104
122100113
2131211
2230211
2231201
104114
114104
12311003
21311003
22301003
22310003
22311002
10112321
11012321
2001224
3000224
3001124
10211222
11201222
11210222
11211122
11211212
10212221
11202221
11212211
10222211
11221211
11222201
22100141
112100141
121100141
122000141
122100041
122100131
12210014
103331
12110222
12200222
12210122
12210212
12220211
12221111
12221201
204110003
303110003
304010003
304110002
12311111
12320111
12321011
12321101
200022203
300021203
300022103
300022202
2041103
3040103
3041102
21200222
22100222
22200122
22200212
203000003
302000003
303000002
11303111
101303111
110303111
111203111
111302111
111303011
111303101
21311111
22211111
22301111
22310111
22311011
22311101
200141003
300131003
300141002
11000141
101000141
110000141
111000041
111000131
11100014
20411003
30401003
30411002
404000111
413000111
414000011
414000101
2001413
3001313
3001412
2000411
3000311
3000401
20002223
30002123
101012321
110012321
1214003
10214003
11204003
11213003
11214002
212003
221003
222002
203000033
302000033
303000023
303000032
10214111
11204111
11214011
11214101
12110111
12200111
12210011
12210101
212210111
302210111
312110111
312210011
312210101
20014103
30013103
30014003
30014102
13220111
103220111
112220111
113120111
113210111
113220011
113220101
112100222
121100222
122000222
122100122
122100212
122100221
122111003
212111003
221111003
222011003
222101003
222110003
222111002
1010333
1100333
1110323
1403111
10403111
11402111
11403101
23210111
122210111
123110111
123210011
123210101
122033
122123
122132
34100111
43100111
44100101
4410011
212000222
221000222
222000122
222000212
222000221
122001221
212001221
221001221
222001121
222001211
200014103
300013103
300014003
300014102
212011211
221011211
222010211
222011111
222011201
20011241
30001241
30010241
30011231
204110111
303110111
304010111
304110011
304110101
30411011
212111111
221111111
222101111
222110111
222111011
222111101
21211211
22210211
22211201
12110114
102110114
111110114
112010114
112110014
112110104
112110113
410033
1310033
1410023
1410032
213110111
223010111
223100111
223110011
223110101
200022311
300021311
300022301
30002231
232100111
233000111
233100011
233100101
23310011
203000111
302000111
303000011
303000101
13310111
23300111
23310101
24110111
33110111
34010111
34110101
200141111
300041111
300131111
300141011
300141101
402221
11222003
101222003
110222003
111212003
111221003
111222002
101222
111212
20030411
30020411
30030401
2030411
3020411
3030401
203000141
302000141
303000041
303000131
2300411
3200411
3300401
11041103
101041103
110041103
111040103
111041003
111041102
122300003
212300003
221300003
222300002
1021211
1120211
1121201
104003003
113003003
114002003
114003002
230300003
320300003
330200003
330300002
10104113
11004113
11103113
11104013
11104112
21200303
22100303
22200203
22200302
431003
441002
21200111
22100111
22200011
22200101
4040111
4130111
4140101
101000222
110000222
111000122
111000212
111000221
101001221
110001221
111001121
111001211
21203
22202
12203003
21203003
22103003
22202003
22203002
11011211
101011211
110011211
111010211
111011111
111011201
23030003
32030003
33020003
33030002
101111111
110111111
111101111
111110111
111111011
111111101
10111211
11110211
11111201
200014211
300013211
300014201
30001421
20022311
30021311
30022301
102110111
112010111
112100111
112110011
112110101
121100111
122000111
122100011
122100101
102110222
111110222
112010222
112110122
112110212
112110221
212000111
221000111
222000011
222000101
203000222
302000222
303000122
303000212
303000221
21413
31313
31412
230411
320411
330401
23000111
32000111
33000101
20141111
30041111
30131111
30141101
11000111
101000111
110000111
111000011
111000101
11100011
10100111
11100101
101041211
110041211
111040211
111041201
11104121
10111103
11011103
11110103
11111003
11111102
23000141
32000141
33000041
33000131
230300111
320300111
330200111
330300011
330300101
33030011
1334
2324
11324
20330111
30230111
30320111
30330011
30330101
102224
111224
112124
112214
122204
122213
123212
232103
233102
230001113
320001113
330001013
330001112
1011224
1101224
1110224
10111133
11110133
11111033
11111123
11111132
102110303
111110303
112010303
112100303
112110203
112110302
2210003
11210003
12110003
12200003
12210002
1231103
1232003
1232102
13101221
1322003
1331003
1332002
21203111
22202111
22203011
22203101
42110111
42200111
42210011
42210101
2231003
2321003
2330003
2331002
10101224
11001224
11100224
11101214
131303
141203
141302
203000303
302000303
303000203
303000302
10211114
11111114
11201114
11210114
11211014
11211104
10212113
11202113
11212013
11212103
11212112
23000114
32000114
33000104
10322003
11312003
11321003
11322002
12200114
12210104
11221103
12121103
12220103
12221003
12221102
12321002
21200114
22200014
22200104
4310111
4410101
101001224
110001224
111000224
111001124
20014211
30004211
30013211
30014201
3001421
13130111
14120111
14130101
1413011
401111
411101
4011113
4111013
4111112
12113003
12212003
12213002
11000333
101000333
110000333
111000233
111000323
111000332
102121103
112021103
112111103
112120103
112121003
112121102
102221003
112211003
112220003
112221002
103220003
113120003
113210003
113220002
121111103
122011103
122101103
122110103
122111102
23000222
32000222
33000122
33000212
121211003
122201003
122210003
122211002
23210003
123110003
123210002
212000114
221000114
222000014
222000104
222000113
122001113
212001113
221001113
222001013
222001103
222001112
212011103
221011103
222010103
222011102
112211111
121211111
122201111
122211011
122211101
213110003
223010003
223100003
223110002
232100003
233000003
233100002
2300141
3200141
3300041
3300131
10111214
11110214
11111204
43211
44201
4421
101003033
110003033
111002033
111003023
111003032
201221003
301121003
301211003
301220003
301221002
1121003
1211003
1220003
1221002
200301113
300201113
300301013
300301112
13211003
14201003
14210003
14211002
10211003
11201003
11211002
2131103
2230103
2231102
11000114
101000114
110000114
111000014
111000104
111000113
101001113
110001113
111001013
111001103
111001112
101011103
110011103
111010103
111011003
111011102
101111003
110111003
111101003
111110003
111111002
230001221
320001221
330001121
102110003
112010003
112100003
112110002
22100003
121100003
122000003
122100002
212000003
221000003
222000002
12110411
102110411
111110411
112010411
112100411
112110311
112110401
11211041
101003
110003
111002
1021103
1120103
1121102
11000003
101000003
110000003
111000002
1241003
10241003
11141003
11231003
11241002
1021241
1120241
1121231
203000411
302000411
303000311
303000401
11000414
101000414
110000414
111000314
111000404
111000413
2120141
2210141
2220041
2220131
10222103
11222102
10211141
11201141
11210141
11211131
1022213
1122212
12110141
12200141
12210041
12210131
11000441
101000441
110000441
111000341
111000431
11100044
2300222
3200222
3300212
10103111
11003111
11102111
11103011
11103101
131000222
140000222
141000122
141000212
1220033
2120033
2210033
2220023
2220032
102110141
111110141
112010141
112110041
112110131
212000141
221000141
222000041
222000131
23300003
23310002
12110033
102110033
111110033
112010033
112110023
112110032
110033
1010033
1100033
1110023
1110032
200301221
300201221
300301121
1010141
1100141
1110041
1110131
113003
1013003
1112003
1113002
200002223
300001223
300002123
300002222
230030003
320030003
330020003
330030002
10100114
11100104
102221111
111221111
112221011
112221101
21200003
22200002
1100003
10100003
11100002
203111111
302111111
303101111
303111011
303111101
101111114
110111114
111101114
111111014
111111104
111111113
10103303
11003303
11102303
11103203
11103302
212033
221033
222023
222032
1010144
1100144
1110044
1110134
1211033
1221023
1221032
10100144
11000144
11100134
10211033
11201033
11210033
11211023
11211032
12200033
12210023
12210032
104011103
113011103
114010103
114011102
101000144
110000144
111000044
111000134
111000143
101111141
110111141
111101141
111111041
111111131
21113111
31013111
31112111
31113101
101111033
110111033
111101033
111111023
111111032
212000033
221000033
222000023
222000032
101033
111023
111032
11000033
101000033
110000033
111000023
111000032
212411
222401
10100441
11100341
11100431
12200411
12210401
21200411
22100411
22200311
22200401
41111003
131111003
140111003
141101003
141110003
141111002
200330003
300230003
300320003
300330002
121100411
122000411
122100311
122100401
200002331
300002231
212000411
221000411
222000311
222000401
22200041
230030111
320030111
330020111
330030011
330030101
21200141
22200131
412100003
421100003
422000003
422100002
10100033
11100023
11100032
10100411
11000411
11100311
11100401
101111222
110111222
111101222
111111122
111111212
101000411
110000411
111000311
111000401
11100041
10100141
11100131
41210003
42110003
42200003
42210002
2120003
2220002
1103222
10103222
11003222
11103212
11103221
23111111
32111111
33101111
33111101
1010003
1110002
104011211
113011211
114010211
114011201
2120303
2220203
2220302
10100414
11100314
11100404
11100413
10101413
11001413
11101313
11101412
101001413
110001413
111001313
111001412
10400303
11300303
11400203
11400302
121100303
122000303
122100203
122100302
212000303
221000303
222000203
222000302
10100303
11000303
11100203
11100302
101000303
110000303
111000203
111000302
21200033
22200023
22200032
1021403
1120403
1121402
1313111
1412111
1413101
2030141
3020141
3030041
3030131
10100333
11100323
200330111
300230111
300320111
300330011
300330101
1013222
1113212
20003111
30002111
30003011
30003101
101111303
110111303
111101303
111111203
111111302
200031113
300021113
300031013
300031112
311111003
401111003
410111003
411101003
411110003
411111002
412100111
421100111
422000111
422100011
422100101
20330003
30230003
30320003
30330002
101003222
110003222
111003122
111003212
111003221
11004221
101004221
110004221
111004121
111004211
11100422
101014211
110014211
111013211
111014201
11101421
20002331
212003111
221003111
222002111
222003011
222003101
20003114
30002114
30003104
104003111
113003111
114002111
114003011
114003101
402110003
412010003
412110002
101003111
110003111
111002111
111003011
111003101
224003
1224002
10103114
11003114
11102114
11103014
11103104
401000003
410000003
411000002
101003114
110003114
111002114
111003014
111003104
111003113
101004113
110004113
111004013
111004103
111004112
101014103
110014103
111013103
111014003
111014102
101114003
110114003
111104003
111113003
111114002
102113003
112013003
112103003
112112003
112113002
211214
310214
311204
121103003
122003003
122102003
122103002
40211003
41201003
41211002
212003003
221003003
222002003
222003002
104003
114002
101003003
110003003
111002003
111003002
13320101
401000033
410000033
411000023
411000032
101003141
110003141
111002141
111003041
111003131
20041103
30040103
30041102
101111411
110111411
111011411
111101411
111111311
111111401
200031221
300021221
300031121
300031211
101300303
110300303
111200303
111300203
111300302
1013411
1103411
1112411
1113401
10103411
11003411
11102411
11103311
11103401
22400003
112400003
121400003
122400002
101003411
110003411
111002411
111003311
111003401
101003303
110003303
111002303
111003203
111003302
2112221
3102221
3112121
230000411
320000411
330000311
330000401
1040033
1140023
1140032
4010003
4110002
401000111
410000111
411000011
411000101
401000114
410000114
411000014
411000104
411000113
132110003
142010003
142100003
142110002
4010411
4100411
4110401
21121211
31021211
31120211
31121201
131000003
140000003
141000002
20011322
30010322
30011312
200114003
300104003
300113003
300114002
401000141
410000141
411000041
411000131
13100411
14000411
14100401
200411
300401
401003
411002
200300411
300200411
300300311
300300401
101222111
110222111
111212111
111222011
111222101
131000033
140000033
141000023
141000032
101141003
110141003
111131003
111140003
111141002
122030111
212030111
221030111
222020111
222030011
222030101
22400111
112400111
121400111
122300111
122400011
122400101
112101113
121101113
122101013
122101112
200030111
300020111
300030011
300030101
10130111
11030111
11120111
11130011
11130101
101030111
110030111
111020111
111030011
111030101
20114003
30104003
30114002
12410003
102410003
111410003
112310003
112410002
200411111
300401111
300411011
300411101
401000222
410000222
411000122
411000212
132110111
141110111
142010111
142100111
142110011
142110101
203300003
302300003
303200003
303300002
401033
411023
411032
131000111
140000111
141000011
141000101
401001113
410001113
411001013
411001112
131000114
140000114
141000014
141000104
311003003
401003003
410003003
411002003
411003002
131003
141002
101030003
110030003
111020003
111030002
20300411
30200411
30300401
211111103
310111103
311110103
311111102
101300033
110300033
111200033
111300023
111300032
131000141
140000141
141000041
141000131
14100014
20411111
30401111
30411101
32300111
33300011
33300101
112101221
121101221
122101121
2022311
3021311
3022301
311000303
401000303
410000303
411000203
411000302
13100114
14000114
14100104
200030411
300020411
300030311
300030401
30003041
12410111
102410111
111410111
112310111
112410011
112410101
101033111
110033111
111023111
111032111
111033011
111033101
102111113
112011113
112111013
112111112
101033003
110033003
111023003
111032003
111033002
203300111
302300111
303200111
303300011
303300101
101300114
110300114
111200114
111300014
111300104
203001113
302001113
303000113
303001013
303001112
211103003
301103003
310103003
311102003
311103002
104000411
113000411
114000311
114000401
211211003
310211003
311201003
311211002
32300003
33300002
404000003
413000003
414000002
203000114
302000114
303000014
303000104
211111211
310111211
311110211
311111201
101300141
110300141
111200141
111300041
111300131
200000411
300000311
300000401
101001143
110001143
111001043
111001142
101411111
110411111
111401111
111411011
111411101
3230003
3330002
40111103
41110103
41111102
212300111
221300111
222300011
222300101
21110411
31010411
31110311
31110401
201121103
300121103
301021103
301120103
301121102
104000114
113000114
114000014
114000104
112130003
121130003
122120003
122130002
401000411
410000411
411000311
411000401
1321103
1420103
1421003
1421102
200011103
300010103
300011102
21110033
31010033
31110023
31110032
101300111
110300111
111200111
111300011
111300101
131000303
140000303
141000203
141000302
102111221
112011221
112111121
200011133
300010133
300011033
300011123
300011132
101300222
110300222
111200222
111300122
111300212
201110141
301010141
301110041
301110131
203001221
302001221
303001121
211103111
301103111
310103111
311102111
311103011
311103101
101411003
110411003
111401003
111411002
202220003
302120003
302220002
101300003
110300003
111200003
111300002
10104221
1110422
200001224
300000224
300001124
300001214
10141103
11140103
11141102
201113003
301013003
301112003
301113002
20000411
30000311
30000401
201110033
300110033
301010033
301110023
301110032
200000033
300000023
300000032
201121211
301021211
301120211
301121201
112130111
121130111
122120111
122130011
122130101
401111111
410111111
411101111
411110111
411111011
411111101
200011211
300010211
300011201
101300411
110300411
111200411
111300311
111300401
200011214
300010214
300011204
202220111
302120111
302220011
302220101
200003033
300002033
300003023
300003032
203111003
302111003
303101003
303111002
131000411
140000411
141000311
141000401
102140003
112040003
112140002
200011241
300001241
300010241
300011231
203030003
302030003
303020003
303030002
101001332
110001332
111001232
211100303
310100303
311100203
311100302
101030033
110030033
111020033
111030023
111030032
201113111
301013111
301112111
301113011
301113101
23000411
32000411
33000401
200041211
300040211
300041201
30004121
20004221
3000422
200003111
300002111
300003011
300003101
200003114
300002114
300003014
300003104
200011322
300010322
300011312
200003141
300002141
300003041
300003131
131111111
140111111
141101111
141111011
141111101
102140111
112040111
112140011
112140101
20041211
30040211
30041201
2000111
3000101
203030111
302030111
303020111
303030011
303030101
101030114
110030114
111020114
111030014
111030104
200111033
300101033
300111023
300111032
101030141
110030141
111020141
111030041
111030131
200011403
300010403
300011402
200003222
300003122
300003212
402110111
412010111
412110011
412110101
323000003
332000003
333000002
101112113
110112113
111102113
111112013
111112112
323000111
332000111
333000011
333000101
20003141
30002141
30003131
101030222
110030222
111020222
111030122
111030212
200111411
300011411
300101411
300111311
300111401
23030111
32030111
33020111
33030101
200003303
300002303
300003203
300003302
200003003
300002003
300003002
200122103
300122102