100033
200023
200032
300013
300022
300031
133
223
232
313
322
331
1
13033
22033
23023
23032
31033
32023
32032
33013
33022
33031
1333
2233
2323
2332
3133
3223
3232
3313
3322
3331
1303
2203
2302
3103
3202
3301
1003
2002
3001
1000333
2000233
2000323
2000332
3000133
3000223
3000232
3000313
3000322
3000331
103003
202003
203002
301003
302002
303001
100303
200203
200302
300103
300202
300301
13
22
31
1030033
2020033
2030023
2030032
3010033
3020023
3020032
3030013
3030022
3030031
130003
220003
230002
310003
320002
330001
13303
22303
23203
23302
31303
32203
32302
33103
33202
33301
103
202
301
1003033
2002033
2003023
2003032
3001033
3002023
3002032
3003013
3003022
3003031
10303
20203
20302
30103
30202
30301
1030303
2020303
2030203
2030302
3010303
3020203
3020302
3030103
3030202
3030301
1300003
2200003
2300002
3100003
3200002
3300001
10033
20023
20032
30013
30022
30031
1003303
2002303
2003203
2003302
3001303
3002203
3002302
3003103
3003202
3003301
1033
2023
2032
3013
3022
3031
1033003
2023003
2032003
2033002
3013003
3022003
3023002
3031003
3032002
3033001
100333
200233
200323
200332
300133
300223
300232
300313
300322
300331
13003
22003
23002
31003
32002
33001
130033
220033
230023
230032
310033
320023
320032
330013
330022
330031
10003
20002
30001
103033
202033
203023
203032
301033
302023
302032
303013
303022
303031
130303
220303
230203
230302
310303
320203
320302
330103
330202
330301
1300033
2200033
2300023
2300032
3100033
3200023
3200032
3300013
3300022
3300031
1000003
2000002
3000001
103303
202303
203203
203302
301303
302203
302302
303103
303202
303301
133003
223003
232003
233002
313003
322003
323002
331003
332002
333001
1300303
2200303
2300203
2300302
3100303
3200203
3200302
3300103
3300202
3300301
1330003
2230003
2320003
2330002
3130003
3220003
3230002
3310003
3320002
3330001
10333
20233
20323
20332
30133
30223
30232
30313
30322
30331
1303003
2203003
2302003
2303002
3103003
3202003
3203002
3301003
3302002
3303001
100003
200002
300001
1000033
2000023
2000032
3000013
3000022
3000031
1000303
2000203
2000302
3000103
3000202
3000301
1030003
2020003
2030002
3010003
3020002
3030001
1003003
2002003
2003002
3001003
3002002
3003001