2224
3124
3214
3223
4024
4114
4123
4204
4213
4222
14113
104113
113113
114013
114103
114112
1004113
1013113
1014013
1014103
1014112
1103113
1104013
1104103
1104112
1112113
1113013
1113103
1113112
1114003
1114012
1114102
1114111
10000333
20000233
20000323
20000332
30000133
30000223
30000232
30000313
30000322
30000331
1
311113
401113
410113
411013
411103
411112
1211113
1301113
1310113
1311013
1311103
1311112
1400113
1401013
1401103
1401112
1410013
1410103
1410112
1411003
1411012
1411102
1411111
13003111
22003111
23002111
23003011
23003101
2300311
31003111
32002111
32003011
32003101
3200311
33001111
33002011
33002101
3300211
33003001
3300301
330031
103111
202111
203011
203101
20311
301111
302011
302101
30211
303001
30301
3031
100114
200014
200104
200113
300004
300013
300103
300112
10011403
20001403
20010403
20011303
20011402
30000403
30001303
30001402
30010303
30010402
30011203
30011302
30011401
1030222
2020222
2030122
2030212
2030221
3010222
3020122
3020212
3020221
3030022
3030112
3030121
3030202
3030211
303022
211
301
31
4
2113
3013
3103
3112
4003
4012
4102
4111
10012213
20002213
20011213
20012113
20012203
20012212
30001213
30002113
30002203
30002212
30010213
30011113
30011212
30012013
30012103
30012112
30012202
30012211
10003222
20002222
20003122
20003212
20003221
30001222
30002122
30002221
30003022
30003112
30003121
30003202
30003211
3000322
4303
13303
14203
14302
103303
104203
104302
112303
113203
113302
114202
114301
111322
201322
210322
211222
211312
211321
300322
301222
301312
301321
310222
310312
310321
311122
311212
311221
311302
311311
31132
10303
100303
110203
110302
1000303
1010203
1010302
1100203
1100302
1110103
1110202
1110301
1112221
10112221
11012221
11102221
11111221
11112121
11112211
1111222
100112221
101012221
101102221
101111221
101112121
101112211
10111222
110012221
110102221
110111221
110112121
110112211
11011222
111002221
111011221
111012121
111012211
11101222
111101221
111102121
111102211
11110222
111110221
111111121
111111211
11111122
111112021
111112111
11111212
111112201
1030303
10030303
11020303
11030203
11030302
100030303
101020303
101030203
101030302
110020303
110030203
110030302
111010303
111020203
111020302
111030103
111030202
111030301
13
22
130141
220141
230041
230131
23014
310141
320041
320131
32014
33004
330121
33013
4033
13033
14023
14032
103033
104023
104032
112033
113023
113032
114022
114031
103141
202141
203041
203131
20314
301141
302041
302131
30214
303031
30304
303121
30313
1001143
2000143
2001043
2001133
2001142
3000043
3000133
3000142
3001033
3001042
3001123
3001132
3001141
214
304
313
403
412
1311211
2211211
2301211
2310211
2311111
2311201
231121
3111211
3201211
3210211
3211111
3211201
321121
3301111
3301201
3310111
3310201
331021
3311011
3311101
331111
33112
2143
3043
3133
3142
4042
4132
4141
21214
31114
31204
31213
40114
40204
40213
41014
41104
41113
41203
41212
401221
1301221
1400221
1401121
1401211
140122
10301221
10400221
10401121
10401211
1040122
11201221
11300221
11301121
11301211
1130122
11400121
11400211
1140022
11401021
11401111
1140112
11401201
1140121
121141
211141
221041
221131
22114
1021141
1111141
1120141
1121041
1121131
112114
1201141
1210141
1211041
1211131
121114
1220041
1220131
122014
1221031
122104
1221121
122113
214111
304111
313111
314011
314101
31411
403111
404011
404101
40411
412111
413011
413101
41311
414001
41401
1243
2233
2242
10243
11143
11233
11242
12043
12133
12142
12223
12232
12241
1003033
1102033
1103023
1103032
10003033
10102033
10103023
10103032
11002033
11003023
11003032
11101033
11102023
11102032
11103013
11103022
11103031
100222
1000222
1100122
1100212
1100221
10000222
10100122
10100212
10100221
11000122
11000212
11000221
11100022
11100112
11100121
11100202
11100211
1110022
1330111
2230111
2320111
2330011
2330101
233011
3130111
3220111
3230011
3230101
323011
3320011
3320101
332011
3330001
333001
33301
241
331
34
421
43
241000003
331000003
340000003
341000002
421000003
430000003
431000002
440000002
441000001
133
1033
1123
1132
10033
10123
10132
11023
11032
11113
11122
11131
1031113
2021113
2030113
2031013
2031103
2031112
3011113
3020113
3021013
3021103
3021112
3030013
3030103
3031003
3031012
3031102
3031111
133003
1033003
1123003
1132003
1133002
10033003
10123003
10132003
10133002
11023003
11032003
11033002
11113003
11122003
11123002
11131003
11132002
11133001
220111
1120111
1210111
1220011
1220101
122011
2020111
2110111
2120011
2120101
212011
2200111
2210011
2210101
221011
2220001
222001
22201
220114
1120114
1210114
1220014
1220104
1220113
2020114
2110114
2120014
2120104
2120113
2200114
2210014
2210104
2210113
2220004
2220013
2220103
2220112
100003411
200002411
200003311
200003401
20000341
300001411
300002311
300002401
30000241
300003211
300003301
3000034
111133
201133
210133
211033
211123
211132
300133
301033
301123
301132
310033
310123
310132
311023
311032
311131
12214
13114
13204
13213
14014
14104
14212
141211
1041211
1131211
1140211
1141111
1141201
114121
10041211
10131211
10140211
10141111
10141201
1014121
11031211
11040211
11041111
11041201
1104121
11121211
11130211
11131111
11131201
1113121
11140111
11140201
1114021
11141011
11141101
111412
24100003
33100003
34000003
34100002
42100003
43000003
43100002
44000002
44100001
10111
100111
110011
110101
11011
1000111
1010011
1010101
101011
1100011
1100101
1110001
111001
11101
10114
110014
110104
110113
1000114
1010014
1010104
1010113
1100014
1100104
1100113
1110004
1110013
1110112
100122211
200022211
200112211
200121211
200122111
200122201
20012221
300012211
300021211
300022111
300022201
300102211
300111211
300112111
300112201
30011221
300120211
300121111
300121201
30012121
300122011
300122101
3001222
112321
202321
212221
212311
21232
302221
302311
30232
312121
312211
31222
312301
31231
1003303
1012303
1013203
1013302
1102303
1103203
1103302
1111303
1112203
1112302
1113202
1113301
10003303
20002303
20003203
20003302
30002302
30003103
30003301
1114
2014
2104
3004
111403
201403
210403
211303
211402
300403
301303
301402
310303
310402
311203
311401
23203
32203
33103
33202
122203
123103
123202
131203
132103
132202
133102
133201
14221
104221
113221
114211
11422
1004221
1013221
1014211
101422
1103221
1104211
110422
1113211
1114201
111421
40222
41122
41221
121222
130222
131122
131212
131221
140212
140221
141022
141112
141121
141202
14122
103
112
101221
200221
201121
201211
20122
300121
300211
30022
301021
30112
301201
30121
103222
202222
203122
203212
203221
302122
302212
303112
303202
303211
30322
10122103
20022103
20112103
20121103
20122003
20122102
30021103
30022003
30022102
30102103
30111103
30112003
30112102
30120103
30121003
30121102
30122002
30122101
1022203
10022203
11012203
11021203
11022103
11022202
100022203
101012203
101021203
101022103
101022202
110012203
110021203
110022103
110022202
111002203
111011203
111012103
111012202
111021103
111021202
111022003
111022102
111022201
12103
21103
22003
22102
102103
111103
112003
112102
120103
121003
121102
122002
122101
2221
3121
3211
322
4021
4201
1210303
2110303
2200303
2210203
2210302
10210303
11110303
11200303
11210203
11210302
12010303
12100303
12110203
12110302
12200203
12200302
12210103
12210202
12210301
1000333
2000233
2000323
2000332
3000223
3000232
3000313
3000331
4000003
13000003
14000002
103000003
104000002
112000003
113000002
114000001
20143
21043
21133
21142
30043
30133
30142
31033
31042
31123
31141
1141
10141
11041
100141
101041
101131
110041
110131
11014
111031
11104
111121
1030411
10030411
11020411
11030311
11030401
1103041
100030411
101020411
101030311
101030401
10103041
110020411
110030311
110030401
11003041
111010411
111020311
111020401
11102041
111030211
1110304
121
400411
1300411
1400311
1400401
140041
10300411
10400311
10400401
1040041
11200411
11300311
11300401
1130041
11400301
1140031
114004
30103
31003
31102
40003
40102
41002
41101
21241
30241
40141
40231
41041
41131
1012213
2002213
2011213
2012113
2012203
2012212
3001213
3002113
3002203
3002212
3010213
3011203
3011212
3012013
3012103
3012112
3012202
3012211
102223
1002223
1101223
1102123
1102213
1102222
10002223
10101223
10102123
10102213
10102222
11001223
11002123
11002213
11002222
11100223
11101123
11101213
11102113
11102122
11102203
11102212
10441
100441
110341
110431
11044
1000441
1010341
1010431
101044
1100341
1100431
110044
1110241
1110331
111034
1110421
111043
130303
220303
230203
230302
320203
320302
330103
330202
330301
400003
1300003
1400002
10300003
10400002
11200003
11300002
11400001
4000033
13000033
14000023
14000032
103000033
104000023
104000032
112000033
113000023
113000032
114000013
114000022
114000031
211300003
301300003
310300003
311200003
311300002
400300003
401200003
401300002
410200003
410300002
411100003
411200002
411300001
10014103
10104103
10113103
10114003
10114102
11004103
11013103
11014003
11014102
11103103
11104003
11104102
11112103
11113102
11114002
11114101
40033
40123
40132
41023
41032
241000111
331000111
340000111
341000011
341000101
34100011
421000111
430000111
431000011
431000101
43100011
440000011
440000101
44000011
4410001
13123
13132
14131
1031221
2021221
2031121
2031211
3011221
3021121
3021211
3031021
3031201
133111
1033111
1123111
1132111
1133011
1133101
113311
10033111
10123111
10132111
10133011
10133101
1013311
11023111
11032111
11033011
11033101
1103311
11113111
11122111
11123011
11123101
1112311
11132011
11132101
111331
21130003
30130003
31030003
31120003
31130002
40030003
40120003
40130002
41020003
41030002
41110003
41120002
41130001
100114111
200014111
200104111
200113111
200114011
200114101
20011411
300004111
300013111
300014011
300014101
30001411
300103111
300104011
300104101
30010411
300113011
300113101
30011311
300114001
11224
20224
21124
21223
30124
30223
31024
2023
2032
3022
202303
203203
203302
302203
302302
303103
303301
10222
110122
110212
110221
1010122
1010212
1010221
1110121
1110211
111022
20014
20104
20113
30004
30013
10003411
20002411
20003311
20003401
2000341
30002311
30002401
3000241
300034
222103
312103
321103
322003
322102
402103
412003
412102
420103
421003
421102
422002
422101
142
1042
111241
1011241
1101241
1111231
111124
10011241
10101241
10110241
10111141
10111231
1011124
11001241
11010241
11011141
11011231
1101124
11100241
11101141
11101231
1110124
11110141
11110231
1111024
11111041
11111131
1111114
1111123
43003
142003
143002
1042003
1043002
1141003
1142002
1143001
202
10333
20233
20323
20332
30331
10122211
20022211
20112211
20121211
20122111
20122201
2012221
30021211
30022111
30022201
3002221
30102211
30111211
30112111
30112201
30120211
30121111
30121201
3012121
30122011
2023111
2032111
2033011
2033101
203311
3013111
3022111
3023011
3023101
3032011
3032101
3033001
1022311
10022311
11012311
11021311
11022211
11022301
1102231
100022311
101012311
101021311
101022211
101022301
10102231
110012311
110021311
110022211
110022301
11002231
111002311
111011311
111012301
111021211
111021301
11102131
111022111
1110223
13003
23002
32002
33001
2332
3232
3322
3331
4231
4312
4321
433
1011403
2001403
2010403
2011303
2011402
3000403
3001303
3001402
3010303
3010402
3011302
3011401
4000111
13000111
14000011
14000101
1400011
103000111
104000011
104000101
10400011
112000111
113000011
113000101
11300011
1140001
22213
32113
32212
42013
42103
42112
42202
42211
100141111
101041111
101131111
101140111
101141011
101141101
10114111
110041111
110131111
110140111
110141011
110141101
11014111
111031111
111040111
111041011
111041101
11104111
111121111
111130111
111131011
111131101
111140011
111140101
11114011
111141001
1111411
220222
230122
230212
230221
320122
320212
320221
330022
330112
330211
33022
21211
31111
31201
40111
40201
41011
22303
23302
31303
32302
1303
2203
2302
3202
3301
13141
22141
23041
23131
2314
32041
32131
33031
3304
33121
3313
22033
23023
23032
32023
32032
130411
140311
140401
14041
1040311
1040401
104041
1120411
1130311
1130401
113041
1140301
11404
4000141
13000141
14000041
14000131
1400014
103000141
104000041
104000131
10400014
112000141
113000041
113000131
11300014
11400004
114000121
11400013
211300111
301300111
310300111
311200111
311300011
311300101
31130011
400300111
401200111
401300011
401300101
40130011
410200111
410300011
410300101
41030011
411100111
411200011
411200101
41120011
4113001
3241
424
13231
1324
1414
1423
21100111
30100111
31000111
31100011
31100101
3110011
40000111
40100011
40100101
4010011
41000011
41000101
4100011
41100001
4110001
411001
10414
11314
11413
100414
101314
101404
101413
110314
110404
110413
111214
111304
111313
1003
1102
10003
10102
11002
1213
1312
1402
1411
31300003
40300003
41200003
41300002
121300003
130300003
131200003
131300002
140200003
140300002
141100003
141200002
141300001
1441
11341
11431
1144
101341
101431
10144
11134
214003
304003
313003
314002
403003
404002
413002
21100114
30100114
31000114
31100014
31100104
31100113
40000114
40100014
40100104
40100113
41000014
41000104
41000113
41100004
41100013
41100103
41100112
2401111
2410111
2411011
2411101
241111
3400111
3401011
3401101
340111
3410011
3410101
341011
3411001
341101
34111
2413
3403
3412
4402
4411
3130003
4030003
4120003
4130002
12130003
13030003
13120003
13130002
14020003
14030002
14110003
14120002
14130001
20014111
20104111
20113111
20114011
20114101
2011411
30004111
30013111
30014011
30014101
3001411
30103111
30104011
30104101
3010411
30113011
30113101
3011311
30114001
222211
321211
322111
322201
32221
402211
411211
412201
420211
421111
421201
42121
422011
122311
1121311
1122211
1122301
112231
10112311
10121311
10122301
1012231
11102311
11111311
11112301
11120311
11121301
1112131
11122201
111223
43111
142111
143011
143101
14311
1042111
1043011
1043101
104311
1142011
1142101
223
232
21403
30403
31402
40303
40402
41302
1240111
2140111
2240011
2240101
224011
10240111
11230111
11240011
11240101
1124011
12040111
12130111
12140011
12140101
1214011
12220111
12230011
12230101
1223011
12240001
1224001
122401
13111
22111
23011
23101
2311
32011
32101
13222
22222
23122
23212
23221
32122
33211
23104
23113
32104
1003222
2002222
2003122
2003212
2003221
3002122
3003022
3003112
3003121
3003202
3003211
4000222
13000222
14000122
14000212
14000221
103000222
104000122
104000212
104000221
112000222
113000122
113000212
113000221
114000112
114000202
114000211
11400022
211111
1111111
1201111
1211011
1211101
121111
10111111
10201111
10210111
10211011
10211101
1021111
11011111
11101111
11110111
11111011
11111101
11200111
11201011
11201101
11210011
11210101
1121011
11211001
1121101
112111
21322
31312
31321
40312
40321
2410003
3310003
3400003
3410002
4210003
4300003
4310002
4400002
1333
11323
11332
100333
101233
101323
101332
110233
110323
110332
111232
1231
1321
2131
220411
1210411
1220311
1220401
122041
2020411
2110411
2120311
2120401
212041
2200411
2210311
2210401
2220211
2220301
222031
22204
130111
131011
131101
140011
140101
14011
141001
14101
3111103
4011103
4101103
4110103
4111003
4111102
12111103
13011103
13101103
13110103
13111003
13111102
14001103
14010103
14011003
14011102
14100103
14101003
14101102
14110102
14111002
14111101
123013
123112
203113
212113
213013
213103
213112
221113
222013
222112
223003
223012
223102
223111
211001221
301001221
310001221
311000221
311001121
311001211
31100122
400001221
401000221
401001121
401001211
40100122
410000221
410001121
410001211
41000122
411000121
411000211
41100022
411001021
411001111
411001201
41100121
4111111
4201111
4210111
4211011
4211101
12211111
13111111
13201111
13210111
13211011
13211101
1321111
14011111
14101111
14110111
14111011
14200111
14201011
14201101
1420111
14210011
14210101
1421011
14211001
1421101
1021
1111
1201
10411
100411
110311
110401
1000411
1010311
1010401
1100311
1100401
1002331
2001331
2002231
2002321
200233
3001231
3001321
3002131
300223
3002311
300232
1000414
1010314
1010404
1010413
1100314
1100404
1100413
1110214
1110313
1110403
1110412
31300111
40300111
41200111
41300011
41300101
4130011
121300111
130300111
131200111
131300011
131300101
13130011
140200111
140300011
140300101
14030011
141100111
141200011
141200101
14120011
1413001
3100111
4100101
410011
12100111
13100011
13100101
1310011
14100001
1410001
141103
231103
240103
241003
241102
331003
331102
340003
340102
341002
31001113
40001113
41001013
41001103
41001112
121001113
130001113
131000113
131001013
131001103
131001112
140000113
140001013
140001103
140001112
141000013
141000103
141000112
141001003
141001012
141001102
141001111
2014111
2104111
2113111
2114011
2114101
211411
3004111
3014011
3014101
301411
3103111
3104011
3104101
310411
3112111
3113011
3113101
3114001
101224
200224
201124
201214
201223
300124
300214
301024
301114
301204
301213
130003
140002
1030003
1040002
1120003
1130002
4000303
13000303
14000203
14000302
103000303
104000203
104000302
112000303
113000203
113000302
114000103
114000301
12331
21331
22231
22321
32311
1222
2122
2212
122200003
212200003
221200003
222100003
222200002
302200003
312100003
312200002
320200003
321100003
321200002
322000003
322100002
322200001
400033
1300033
1400023
1400032
10300033
10400023
10400032
11200033
11300023
11300032
11400031
102331
201331
202231
300331
301231
430111
431011
431101
440011
440101
44011
441001
44101
3103003
4003003
4102003
4103002
12103003
13003003
13102003
13103002
14002003
14003002
14102002
14103001
1300111
2300011
2300101
230011
3200011
3200101
320011
3300001
330001
204211
213211
214201
21421
304201
30421
313201
130011103
220011103
230001103
230010103
230011003
230011102
310011103
320001103
320010103
320011003
320011102
330000103
330001003
330001102
330010003
330010102
330011002
330011101
1231111
1241011
1241101
124111
10231111
10241011
10241101
1024111
11221111
11231011
11231101
11241001
1124101
112411
1331011
1331101
2131111
2221111
2231011
2231101
2321011
2321101
232111
2331001
233101
23311
4011211
4101211
4110211
4111201
411121
12111211
13011211
13101211
13110211
13111201
1311121
14001211
14010211
14011201
14100211
14101201
1410121
14110201
1411021
211030003
301030003
310030003
311020003
311030002
400030003
401020003
401030002
410020003
410030002
411010003
411020002
411030001
400303
410203
410302
1300303
1310203
1310302
1400203
1400302
1410202
1410301
221101
1221001
12211
10301113
11201113
11300113
11301013
11301103
11301112
100301113
101201113
101300113
101301013
101301103
101301112
110201113
110300113
110301013
110301103
110301112
111101113
111200113
111201013
111201103
111201112
111300013
111300103
111300112
111301003
111301012
111301102
111301111
13001113
22001113
23000113
23001013
23001103
23001112
32000113
32001013
32001103
32001112
33000013
33000103
33000112
33001003
33001012
33001102
101143
200143
201043
201142
300043
300142
301042
1432
10423
10432
31001221
40001221
41000221
41001121
41001211
4100122
121001221
130001221
131000221
131001121
131001211
13100122
140000221
140001121
140001211
141000121
141000211
14100022
141001021
14100112
141001201
14100121
101101
101014
101104
101113
111004
111013
111112
21103003
30103003
31003003
31102003
31103002
40003003
40102003
40103002
41002003
41003002
41101003
41102002
41103001
2121103
3120103
3121003
3121102
4020103
4021003
4021102
4120102
4121002
4121101
1001332
1010332
1011232
1011322
1011331
1100332
1101232
1101322
1101331
1110232
1110322
1111132
1111312
1111321
20111221
21011221
21101221
21110221
21111121
21111211
2111122
30101221
30110221
30111121
3011122
31010221
31011121
31011211
3101122
31100221
31101121
31101211
3110122
31110121
31110211
3111022
31111021
31111111
3111112
31111201
3111121
130114
1030114
1130014
1130104
1130113
10030114
10120114
10130014
10130104
10130113
11020114
11030014
11030104
11030113
11110114
11120014
11120104
11120113
11130004
11130013
11130103
11130112
104011
104101
113011
113101
11311
114001
11401
103111003
104011003
104101003
104110003
104111002
112111003
113011003
113101003
113110003
113111002
114001003
114010003
114011002
114100003
114101002
114110002
114111001
20011
20101
2011
30001
3001
1011103
2001103
2010103
2011003
2011102
3000103
3001003
3001102
3010003
3010102
3011002
3011101
12013
12112
102013
102112
112012
1201303
1211203
1211302
10111303
10201303
10211203
10211302
11011303
11101303
11111203
11111302
11201203
11201302
11211103
11211202
11211301
131113
230113
231013
231112
320113
321013
321112
330013
331012
302113
312013
312112
402013
402112
412012
2004211
2013211
2014201
201421
3004201
300421
3013201
122200111
212200111
221200111
222100111
222200011
222200101
22220011
302200111
312100111
312200011
312200101
31220011
320200111
321100111
321200011
321200101
32120011
322000111
322100011
322100101
32210011
32220001
3222001
2323
10311103
10401103
10410103
10411003
10411102
11310103
11311003
11311102
11400103
11401003
11401102
11410003
11410102
11411002
11411101
401311
401401
410311
410401
411301
201013
201103
201112
301003
301012
301102
130003003
220003003
230002003
230003002
310003003
320002003
320003002
330002002
330003001
1003111
2002111
2003011
2003101
200311
3001111
3002011
3002101
3003001
300301
30031
1011133
2010133
2011033
2011123
2011132
3010033
3010123
3010132
3011023
3011032
3011131
100311103
200211103
200301103
200310103
200311003
200311102
300111103
300201103
300210103
300211003
300211102
300300103
300301003
300301102
300310003
300310102
300311002
300311101
21100141
30100141
31000141
31100041
31100131
3110014
40000141
40100041
40100131
4010014
41000041
41000131
4100014
41100031
4110004
4110013
4003111
4102111
4103011
4103101
12103111
13102111
13103011
13103101
1310311
14002111
14003011
14003101
14102011
14102101
1410211
141031
130011211
220011211
230001211
230010211
230011111
230011201
23001121
310011211
320001211
320010211
320011111
320011201
32001121
330000211
330001111
330001201
33000121
330010111
330010201
33001021
330011011
3300112
1213003
1303003
1312003
1313002
1402003
1403002
1412002
11221
20221
21121
31021
112210003
202210003
211210003
212110003
212210002
301210003
302110003
302210002
310210003
311110003
311210002
312010003
312110002
312210001
22000303
23000203
23000302
31000303
32000203
32000302
33000202
33000301
10031113
20021113
20030113
20031013
20031103
20031112
30020113
30021013
30021112
30030013
30030103
30030112
30031003
30031012
30031102
30031111
211030111
301030111
310030111
311020111
311030011
311030101
31103011
400030111
401020111
401030011
401030101
40103011
410020111
410030011
410030101
41003011
411010111
411020011
411020101
41102011
4110301
111100003
201100003
210100003
211000003
211100002
300100003
301000003
301100002
310000003
310100002
311000002
311100001
100301221
101201221
101300221
101301121
101301211
10130122
110201221
110300221
110301121
110301211
11030122
111200221
111201121
111201211
11120122
111300121
111300211
11130022
111301021
111301201
11130121
221122
221212
221221
1021222
1120222
1121122
1121212
1121221
1201222
1210222
1211122
1211212
1211221
1220122
1220212
1220221
1221022
1221112
1221202
1221211
122122
2113003
3013003
3112003
3113002
4012003
4013002
4112002
10300222
20200222
20300122
20300212
20300221
30100222
30200122
30200212
30200221
30300022
30300112
30300121
30300202
30300211
11221003
20221003
21121003
21211003
21220003
21221002
30211003
30220003
30221002
31021003
31111003
31121002
31201003
31210003
31211002
31220002
31221001
100002223
101001223
101002123
101002213
101002222
110001223
110002123
110002213
110002222
111000223
111001123
111001213
111001222
111002023
111002113
111002122
111002212
13102
14002
121030003
130030003
131020003
131030002
140020003
140030002
141010003
141020002
141030001
2002
2121211
3120211
3121111
3121201
4020211
4021111
4021201
402121
4120111
4120201
412021
4121011
11110003
20110003
21010003
21100003
21110002
30010003
30100003
30110002
31000003
31010002
31100002
31110001
124
111100033
201100033
210100033
211000033
211100023
211100032
300100033
301000033
301100023
301100032
310000033
310100023
310100032
311000023
311000032
311100013
311100022
311100031
13411
22411
23401
2341
32401
334
401203
401302
411202
103111111
104011111
104101111
104110111
104111011
104111101
10411111
112111111
113011111
113101111
113110111
113111011
113111101
11311111
114001111
114010111
114011011
114011101
114100111
114101011
114101101
11410111
114110011
114110101
11411011
200413
201313
201412
300313
300412
1011211
2001211
2010211
2011111
2011201
3000211
3001201
3010111
3010201
3011011
1011214
2001214
2010214
2011114
2011204
3000214
3001114
3001204
3010114
3010204
3011014
3011104
10312
10321
11212
11302
2111221
3101221
3110221
4001221
4010221
4011121
401122
4100221
4101121
410122
4110121
411022
4111021
1201411
1211311
1211401
10111411
10201411
10210411
10211311
10211401
11011411
11101411
11110411
11111401
11201311
11201401
11210311
11210401
11211211
200203
200302
300202
2002033
2003023
2003032
3002023
3002032
3003013
3003031
100303003
200203003
200302003
200303002
300103003
300202003
300203002
300302002
300303001
12403
13402
14401
20102221
20112121
2011222
30102121
30112021
12313
13312
21313
22312
1213111
2203111
2212111
2213011
2213101
221311
10213111
11203111
11212111
11213011
11213101
12013111
12112111
12113011
12113101
12202111
12203011
12203101
12212011
12212101
12213001
1221301
122131
130003111
220003111
230002111
230003011
230003101
23000311
310003111
320002111
320003011
320003101
32000311
330002011
330002101
33000211
3300031
131014
131104
140014
140104
140113
141004
141013
2001241
2010241
2011141
2011231
3010141
3010231
3011041
100311211
200211211
200301211
200310211
200311111
200311201
20031121
300201211
300210211
300211111
300211201
30021121
300300211
300301111
300301201
30030121
300310111
300310201
30031021
300311011
40011211
40101211
40110211
40111111
40111201
41010211
41011111
41011201
41100211
41101111
41101201
41110111
41110201
41111011
41111101
10001221
20000221
20001121
20001211
2000122
30000121
30000211
3000022
30001021
30001111
3000112
30001201
3000121
10213
11203
12202
100012213
200002213
200011213
200012113
200012203
200012212
300001213
300002113
300002203
300002212
300010213
300011113
300011203
300011212
300012013
300012103
300012112
300012202
20020303
20030203
20030302
30020203
30020302
30030202
30030301
121303
221203
221302
1021303
1120303
1121203
1121302
1220203
1220302
1221103
121411
131311
131401
141301
20211103
20301103
20310103
20311003
20311102
30201103
30210103
30211102
30300103
30301003
30301102
30310003
30310102
30311002
30311101
244
1234
10234
3100141
4100041
4100131
410014
12100141
13100041
13100131
1310014
14100031
1410004
1012
101203
101302
111202
111301
111100111
201100111
210100111
211000111
211100011
211100101
21110011
300100111
301000111
301100011
301100101
30110011
310000111
310100011
310100101
31010011
311000011
311000101
3111001
111100114
201100114
210100114
211000114
211100014
211100104
211100113
300100114
301000114
301100014
301100104
301100113
310000114
310100014
310100104
310100113
311000014
311000104
311000113
311100004
311100103
311100112
1330003
10330003
11230003
11320003
11330002
100330003
101230003
101320003
101330002
110230003
110320003
110330002
111130003
111220003
111230002
111310003
111320002
111330001
4012111
4013011
4013101
4112011
4112101
10002331
11001331
11002321
1100233
100002331
101001331
101002231
101002321
10100233
110001331
110002231
110002321
11000233
111000331
111001231
111001321
11100133
111002131
11100232
31030111
40030111
41020111
41030101
121030111
130030111
131020111
131030011
131030101
140020111
140030011
140030101
141010111
141020011
141020101
40000003
40100002
41000002
1003114
2002114
2003014
2003104
2003113
3002014
3002104
3003004
3003103
1222003
2122003
2212003
2221003
2222002
3022003
3122002
3202003
3211003
3212002
3220003
3221002
111100141
201100141
210100141
211000141
211100041
211100131
21110014
300100141
301000141
301100041
301100131
30110014
310000141
310100041
310100131
31010014
311000041
311000131
31110004
311100121
31110013
4201003
4211002
4220002
4221001
134011
134101
144001
1040221
1041121
104122
1130221
1131121
113122
1141021
101110003
200110003
201010003
201110002
300010003
300110002
301010002
301110001
2001322
2010322
2011312
2011321
3001312
3010312
3010321
10222003
20212003
20222002
30202003
30212002
30222001
1222111
1312111
1322011
1322101
132211
10222111
10312111
10321111
10322011
10322101
1032211
11222011
11222101
11302111
11312011
11312101
11320111
11321011
11321101
11322001
1132201
21100033
30100033
31000033
31100023
31100032
40000033
40100023
40100032
41000023
41000032
100000003
200000002
300000001
121033
130033
131023
131032
140023
140032
1003141
2002141
2003041
2003131
200314
3002041
300304
100303111
200203111
200302111
200303011
200303101
20030311
300202111
300203011
300203101
30020311
300302011
300302101
30030211
1300114
2300014
2300104
2300113
3100114
3200014
3200104
3200113
3300004
3300013
3300103
10111003
20011003
20101003
20111002
30001003
30011002
30101002
30111001
442
1342
2422
2431
100004113
200003113
200004013
200004103
200004112
300003013
300003103
300003112
300004003
300004012
300004102
122221
132121
142021
142201
122302
212203
212302
222202
222301
2201113
12101113
12200113
12201013
12201103
12201112
20201113
21101113
21200113
21201013
21201103
21201112
22100113
22101013
22101103
22101112
22200013
22200103
22200112
22201003
22201012
22201102
22201111
10303003
20203003
20302003
20303002
30203002
30302002
30303001
3100303
3110203
3110302
4010203
4010302
4100203
4100302
4110202
10000003
20000002
30000001
100012321
200002321
200011321
200012221
200012311
20001232
300001321
300002221
300010321
300011221
300011311
30001132
300012121
300012301
30001231
1030141
1130131
113014
10030141
10120141
10130041
10130131
1013014
11020141
11030041
11030131
1103014
11120041
11120131
1112014
11130031
1113004
221401
1021411
1121401
112141
10311211
20211211
20301211
20310211
20311111
20311201
30201211
30210211
30211111
30211201
30301111
30301201
30310111
30310201
30311011
10000414
20000314
20000404
20000413
30000214
30000304
30000412
1001221
2000221
2001121
200122
300022
3001021
101311
101401
111211
2020303
2030203
2030302
3020203
3020302
3030301
111100222
201100222
210100222
211000222
211100122
211100212
211100221
300100222
301000222
301100122
301100212
301100221
310000222
310100122
310100212
310100221
311000122
311000212
311100202
311100211
31110022
10330111
11330011
11330101
100330111
101230111
101320111
101330011
101330101
110230111
110320111
110330011
110330101
111220111
111230011
111230101
111310111
111320011
111320101
1040113
1041013
1041103
1041112
1121113
1131013
1131103
1131112
1140013
1140103
1141012
1141102
10303111
20203111
20302111
20303011
20303101
2030311
30202111
30203011
30203101
3020311
30302011
30302101
11021113
11031013
11031103
11031112
100031113
101021113
101030113
101031013
101031103
101031112
110021113
110030113
110031013
110031103
110031112
111011113
111020113
111021013
111021112
111030013
111030112
111031003
111031012
111031102
320311
321301
101110111
200110111
201010111
201110011
201110101
20111011
300010111
300110011
300110101
30011011
301010011
301010101
30101011
101110114
200110114
201010114
201110014
201110104
201110113
300010114
300110014
300110104
300110113
301010014
301010104
301010113
301110004
301110013
301110103
301110112
12220003
22120003
22210003
22220002
32020003
32110003
32120002
32200003
32210002
2200033
2300023
2300032
3100033
3200023
3200032
3300022
100000111
200000011
200000101
20000011
3000001
2101
100000114
200000014
200000104
200000113
300000004
300000013
300000103
300000112
2201221
2300221
2301121
3200221
3201121
3300121
3301021
2110222
3100222
3110212
4010122
4010212
4100212
4110022
4110112
1122103
2022103
2112103
2122102
3022102
3102103
3112102
3122101
100004221
200003221
200004121
200004211
20000422
300003121
300004021
300004201
30000421
2101411
2111311
2111401
3100411
3101311
3101401
3110311
3110401
311041
3111301
12101221
12200221
12201121
12201211
20201221
21200221
21201121
21201211
2120122
22001221
22100221
22101121
22101211
2210122
22200121
22200211
2220022
22201021
22201201
2220121
400141
401041
401131
410041
410131
411031
1111003
2101003
2110003
2111002
3100003
3101002
3110002
100000141
200000041
200000131
20000014
300000031
30000004
300000121
30000013
100041103
200031103
200040103
200041003
200041102
300021103
300030103
300031003
300031102
300040003
300040102
300041002
300041101
100000144
200000044
200000134
200000143
300000034
300000043
300000124
300000133
300000142
10004113
20003113
20004013
20004103
20004112
30003013
30004003
30004012
30004102
112213
202213
211213
212212
310213
312202
332101
1232011
1232101
123211
1332001
13321
1000003
2000002
212101
10012321
20002321
20011321
20012311
2001232
30001321
30010321
30012301
202114
211114
212014
212104
221014
221104
222004
42301
2002303
2003203
2003302
3002302
3003301
2111113
2211013
2211103
2211112
10211113
11111113
11210113
11211013
11211112
12011113
12110113
12111013
12111112
12210013
12210112
12211003
12211012
12211102
2000314
2000404
2000413
3000304
3000412
400111
1400101
10300111
10400101
1040011
11300101
1130011
104212
112222
113212
400114
1400104
10300114
10400104
10400113
11200114
11300104
11400112
10031221
11021221
11030221
11031121
1103122
100031221
101021221
101030221
101031121
101031211
10103122
110021221
110030221
110031121
110031211
11003122
111020221
111021121
111030121
111031021
11103112
111031201
11103121
1001113
1101013
1101103
1101112
10001113
10100113
10101013
10101103
10101112
11000113
11001013
11001103
11001112
11100013
11100103
11101003
11101012
11101102
103123
103213
112123
212131
222121
21100222
31000222
31100212
40000222
40100212
40100221
41000212
41100202
200323
200332
1303111
2302111
2303011
2303101
230311
3202111
3203011
3203101
3302011
3302101
3303001
103411
104401
113401
1300141
1400041
1400131
10300141
10400041
10400131
1040014
11200141
11300041
11300131
1140004
101110222
200110222
201010222
201110122
201110212
201110221
300010222
300110122
300110212
300110221
301010122
301010212
301010221
301110022
301110121
301110202
301110211
30111022
21220111
22120111
22210111
22220101
2222011
30220111
31120111
31210111
31220101
3122011
32020111
32110111
32120101
3212011
32200111
32210101
3221011
230014
230104
310114
320014
320104
330004
310003
410002
1210003
1310002
2110141
3110041
3110131
311014
4010041
4010131
401014
4110031
411004
1100143
1101043
1101133
1101142
10001143
10100143
10101043
10101133
10101142
11000143
11001043
11001133
11001142
11100043
11100142
11101042
11101132
100000222
200000122
200000212
200000221
300000022
300000202
300000211
30000022
20110111
21010111
21110101
2111011
30010111
30110101
31010101
3101011
311101
20110114
21010114
21110104
21110113
30010114
30110104
30110113
31010104
31010113
31110103
31110112
100003
200002
300001
100033003
200023003
200032003
200033002
300013003
300022003
300023002
300032002
300033001
20401
2041
10000111
20000101
2000011
204013
204103
204112
303013
304012
304102
10000114
20000104
20000113
30000103
30000112
2230003
12230002
20230003
21230002
22030003
22130002
22230001
210211
211201
310111
310201
311011
111100411
201100411
210100411
211000411
211100311
211100401
21110041
300100411
301000411
301100311
301100401
30110041
310000411
310100311
310100401
31010041
311000311
311000401
311100301
31110031
3111004
20110141
21010141
21110131
2111014
30010141
30110131
31010131
3101014
3111013
20002
100033
200023
200032
300031
124000003
133000003
134000002
142000003
143000002
144000001
10011322
10101322
10110322
10111312
10111321
11001322
11010322
11011312
11011321
11100322
11101312
11101321
11110312
11110321
131041
131131
140131
12322
2021203
2022202
3021202
3022201
10000141
20000041
20000131
2000014
30000031
3000004
3000013
1223002
2023003
2123002
2203003
2213002
2223001
21100303
30100303
31100203
31100302
40000303
40100203
40100302
41000203
41000302
41100301
10000144
20000044
20000134
20000143
30000034
30000043
30000124
30000142
1003411
2002411
2003311
2003401
200341
3002401
300241
30034
2210221
2211121
10211221
11210221
11211121
12011221
12110221
12111121
12210121
12210211
12211021
12211201
11121103
21021103
21111103
21120103
21121102
31011103
31020103
31021102
31101103
31111102
31120102
31121101
12400003
13300003
13400002
14200003
14300002
14400001
101110303
200110303
201010303
201100303
201110203
201110302
300010303
300100303
300110203
300110302
301000303
301010203
301010302
301100203
301100302
301110301
2022211
2112211
2122111
2122201
3102211
3112201
1101121
1101211
10101121
10101211
11001121
11001211
11101021
11101201
323101
2110033
3110023
3110032
4010023
4010032
4100023
4100032
100000303
200000203
200000302
300000301
200404
1221013
2121013
2121112
2221012
2221102
10111033
20011033
20101033
20110033
20111023
20111032
30001033
30010033
30011023
30011032
30101023
30101032
30110023
30110032
30111013
30111031
410101
1310101
410104
1310104
202033
203023
203032
302023
302032
1011013
1011112
1111012
1111102
10000033
20000023
20000032
100000333
200000233
200000323
200000332
300000223
300000232
300000313
300000322
300000331
20110222
21010222
21110122
21110212
30010222
30110122
30110212
31010122
31010212
31110202
200011
200101
1310041
1310131
1410031
100033111
200023111
200032111
200033011
200033101
300023011
300023101
300031111
300032011
300032101
204121
20422
304021
30412
20000122
20000212
30000202
20230111
21130111
21230011
21230101
2123011
22030111
22130011
22130101
103300003
104200003
104300002
112300003
113200003
113300002
114200002
114300001
111211111
201211111
210211111
211111111
211201111
211210111
211211011
211211101
21121111
301111111
301201111
301210111
301211011
301211101
310111111
310201111
310210111
310211011
310211101
31021111
311011111
311101111
311110111
311111011
311111101
311201011
311201101
311210011
311210101
31121011
311211001
20023003
20032003
20033002
30013003
30023002
30032002
30033001
2401
200041
200131
34000111
43000111
44000101
4400011
124000111
133000111
134000011
134000101
13400011
142000111
143000011
143000101
14300011
1440001
100144
200044
200134
1102141
1103131
10003141
10102141
10103131
11002141
11003131
22123
22132
21100411
30100411
31000411
31100311
31100401
40000411
40100311
40100401
41000311
41000401
2041111
2141011
2141101
3040111
3041011
3041101
3131011
3131101
3140011
3140101
3141001
430003
1420003
1430002
10420003
10430002
11420002
11430001
1024
1204
1240003
2140003
2240002
10240003
11140003
11240002
12040003
12140002
24013
24103
24112
34003
34012
34102
101110411
200110411
201010411
201110311
201110401
20111041
300010411
300110311
300110401
30011041
301010311
301010401
30101041
321202
10030003
10120003
10130002
11020003
11030002
11120002
11130001
10001332
10100332
10101232
10101331
11000332
11001232
11100331
1110133
100111003
200011003
200101003
200111002
300001003
300011002
300101002
300111001
210103
211003
211102
310102
311002
100000414
200000314
200000404
200000413
300000214
300000304
300000403
300000412
20110303
21010303
21110203
21110302
30110203
30110302
31010203
31010302
31110301
2120221
2121121
212122
222022
2221021
2221201
3040003
3140002
4040002
4140001
400222
410212
410221
1300222
1310122
1310212
1310221
1400122
1400212
1410022
10000303
20000203
20000302
30000301
20404
20413
1030033
1120033
1130023
1130032
10030033
10120033
10130023
10130032
11020033
11030023
11030032
11110033
11120023
11120032
113131
1012141
1013041
1013131
1112041
1113031
1011121
101122
1111021
1111201
10011103
20001103
20010103
20011102
30001102
30010102
30011101
100000441
200000341
200000431
300000241
300000421
2000431
3000421
200212
1012321
2012311
201232
3012301
232003
233002
323002
332002
1102321
10102321
1010233
4300111
13300111
14300101
1430011
103300111
104200111
104300011
104300101
10430011
112300111
113200111
113300011
113300101
114200011
114200101
11420011
20023111
20032111
20033011
20033101
30023011
30023101
30032011
30032101
214102
313102
4001113
14000113
14001013
14001112
103001113
104000113
104001013
104001103
104001112
112001113
113000113
113001013
113001103
113001112
114001012
114001102
231211
240211
241201
24121
331201
340201
34021
10014211
10104211
10113211
10114201
1011421
11004211
11013211
11014201
1101421
11103211
11104201
11113201
111142
21211111
31201111
31211011
31211101
40201111
40210111
40211011
40211101
41201011
41201101
41210011
41210101
41211001
22011211
22110211
22111111
22111201
102111211
112011211
112101211
112110211
112111201
120111211
121011211
121101211
121110211
121111111
121111201
122001211
122010211
122011111
122011201
122100211
122101111
122101201
122110111
122110201
122111011
122111101
30130111
31130101
40120111
40130101
41120101
101221111
200221111
201121111
201220111
201221011
201221101
300220111
300221011
300221101
301021111
301120111
301121011
301121101
301220011
301220101
301221001
100111111
200011111
200101111
200111011
200111101
20011111
300001111
300011011
300011101
300101011
300101101
100111114
200011114
200101114
200111014
200111104
200111113
300001114
300011014
300011104
300101014
300101104
300101113
300111004
300111013
300111112
2040211
2041201
3040201
20341
20431
2044
3034
1030111
2030011
2030101
3020011
3020101
3030001
103011103
202011103
203001103
203010103
203011003
203011102
301011103
302001103
302010103
302011003
302011102
303000103
303001003
303001102
303010003
303010102
303011002
303011101
2102113
2112013
2112112
3101113
3102013
3102112
3110113
3112012
100111141
200011141
200101141
200110141
200111041
200111131
20011114
300001141
300010141
300011041
300011131
30001114
300101041
300101131
300110041
300110131
30011014
300111031
30011104
300111121
20023
20032
440002
1340002
10000441
20000431
2000044
20300113
20301013
20301112
30101113
30200113
30201013
30201112
30300013
30301012
10011133
11010133
11011033
11011123
11011132
100011133
101001133
101010133
101011033
101011123
101011132
110001133
110010133
110011033
110011123
110011132
111000133
111001033
111001132
111010033
111010123
111010132
111011023
111011032
111011122
111011131
13001221
14001121
103001221
104001121
104001211
10400122
112001221
113001121
113001211
11300122
114001021
114001201
21103111
22102111
22103011
22103101
102103111
111103111
112003111
112102111
112103011
112103101
120103111
121003111
121102111
121103011
121103101
12110311
122002111
122003011
122003101
12200311
122102011
122102101
122103001
43102
44002
1310401
1130212
10030222
10120222
10130212
10130221
11020222
11030212
11120212
11120221
11130202
1113022
1001413
1011313
1011412
1101313
1101403
1101412
1111213
1111402
100111222
200011222
200101222
200111122
200111212
200111221
300001222
300011122
300101122
300101212
300101221
300111022
300111202
30011122
20221111
21221011
21221101
30221011
30221101
103003
202003
203002
302002
103003003
202003003
203002003
203003002
301003003
302002003
302003002
303002002
303003001
20101111
20111101
30101101
2134
10111114
20101114
20111014
20111104
20111113
30101014
30101104
30111004
30111112
103011211
202011211
203001211
203010211
203011111
203011201
20301121
301011211
302001211
302010211
302011111
302011201
30201121
303000211
303001111
303001201
303010111
303010201
30301021
303011011
10011214
11001214
11010214
11011114
11011204
11011213
100011214
101001214
101010214
101011114
101011204
101011213
110001214
110010214
110011114
110011204
110011213
111000214
111001114
111001204
111010114
111010204
111010213
111011014
111011104
111011212
1040101
1130101
1040104
10300303
20200303
20300203
20300302
30200203
30200302
30300301
200431
20044
230101
320101
22011103
23010103
23011003
23011102
32010103
32011003
32011102
33010003
33010102
33011002
33011101
343
20011141
20101141
20111131
30001141
30011131
30101131
1021114
1121014
1121104
1201114
1211014
1211104
1221004
100011241
101001241
101010241
101011141
101011231
10101124
110001241
110010241
110011141
110011231
11001124
111000241
111001141
11100124
111010141
111010231
11101024
111011041
11101114
22402
102403
112402
120403
121402
24211
34201
3421
10402
103030003
104020003
104030002
112030003
113020003
113030002
114020002
114030001
2301013
2301103
2301112
3201013
3201103
3201112
3301003
3301012
3301102
20041
20131
1130203
1130302
10120303
10130203
10130302
11120203
11120302
11130301
20134
2000113
2001013
2001112
3001012
100111303
200011303
200101303
200111203
200111302
300001303
300011302
300101203
300101302
300111301
10402003
10403002
11203003
11302003
11303002
11402002
11403001
1411201
101113111
102013111
102112111
102113011
102113101
110113111
111013111
111113011
111113101
112012111
112013011
112013101
112112011
112112101
112113001
1012033
1013023
1013032
1111033
1112023
1112032
102211
112201
120211
121201
12121
1022113
1122013
1122112
1202113
1212013
1212103
1212112
1222012
1222102
20001133
20010133
20011123
20011132
30001123
30010123
30010132
231100003
240100003
241100002
330100003
331100002
340100002
341100001
103003111
202003111
203002111
203003011
203003101
20300311
301003111
302002111
302003011
302003101
30200311
303002011
303002101
3030031
311104
401104
12100222
13100212
13100221
14100202
10201
20011222
20101222
20111122
20111212
30101122
30101212
30111202
100011322
101001322
101010322
101011222
101011312
101011321
110001322
110010322
110011222
110011312
110011321
111000322
111001312
111010222
111010312
111010321
111011302
22003003
23002003
23003002
32002003
32003002
33002002
23110003
24010003
24110002
33110002
34010002
34110001
2310103
2311003
2311102
3210103
3211102
3310102
3311002
102322
112312
120322
121312
121321
122212
23001211
23010211
23011111
23011201
32001211
32010211
32011111
32011201
33001201
33010111
33010201
33011011
10204
20212
30202
102043
102133
102142
110143
112042
112132
1022221
1122121
1202221
1212121
1212211
1222021
1222201
2300203
2300302
3200203
3200302
3300202
1122202
10112203
10121203
10122202
11112202
11121202
11122102
4030111
13030111
14020111
14030101
1403011
103030111
104020111
104030011
104030101
10403011
112030111
113020111
113030011
113030101
11303011
114020011
114020101
11402011
4100002
12100003
13100002
10231
10120411
10130311
10130401
11120401
23000221
2300122
32000221
3200122
100222003
200122003
200212003
200221003
200222002
300112003
300121003
300122002
300212002
300220003
300221002
300222001
1011223
1012123
1012222
1112122
1112212
120214
121204
121213
1020214
1021204
1021213
1101214
1111204
1120204
1120213
12100033
13100023
13100032
14100013
111400003
201400003
210400003
211400002
300400003
301400002
310400002
311400001
31102111
31103101
40003111
40102111
40103101
4010311
41002111
41003101
4100311
41102101
20101303
20111203
20111302
30101203
30101302
30111301
2030014
2030104
3020014
3020104
3030004
11001403
11010403
11011402
100011403
101001403
101010403
101011303
101011402
110001403
110010403
110011303
110011402
111000403
111001303
111001402
111010402
111011401
20021203
20022202
30021202
231100111
240100111
241100011
241100101
24110011
330100111
331100011
331100101
33110011
340100011
340100101
34010011
401212
2302003
2303002
3203002
3302002
102121
112021
20140003
21040003
21140002
30040003
30140002
31040002
31140001
20203
20302
102241
120241
121231
12124
10410211
10411201
11310211
11311201
11410201
131110003
221110003
230110003
231010003
231110002
320110003
321010003
321110002
330110002
331010002
331110001
130000003
220000003
230000002
320000002
330000001
22111003
23101003
23111002
32101003
32111002
33101002
33111001
20021221
20030221
20031211
30020221
30031201
120133
121123
121132
1020133
1021033
1021123
1021132
1120123
1120132
1121023
1121032
12412
12421
21412
22000003
23000002
32000002
33000001
100222111
200212111
200222011
200222101
300212011
300212101
130000033
220000033
230000023
230000032
320000023
320000032
330000013
330000022
330000031
2020033
2030023
2030032
3020023
3020032
1031203
1032103
1032202
1131202
1132102
111400111
201400111
210400111
211400011
211400101
21140011
300400111
301400011
301400101
30140011
310400011
310400101
31040011
20101411
20110411
20111311
20111401
30101311
30101401
30110311
30110401
100122103
101112103
101121103
101122003
101122102
110112103
110121103
110122003
110122102
111102103
111111103
111112003
111112102
111120103
111121003
111121102
111122002
111122101
201101113
210101113
211001113
211101013
211101103
211101112
301001113
301101013
301101103
301101112
310001113
310101013
310101103
310101112
311001013
311001103
311001112
311101003
311101012
311101102
21400003
30400003
31400002
40400002
41400001
102232
2004013
2004103
2004112
3004003
3004012
3004102
10111213
10112113
10112212
11012113
11012212
11110213
11112013
11112112
101410003
200410003
201310003
201410002
300410002
301310002
301410001
140203
140302
1040203
1040302
1140202
131110111
221110111
230110111
231010111
231110011
231110101
23111011
320110111
321010111
321110011
321110101
32111011
330110011
330110101
331010011
331010101
33101011
1000033
2000023
2000032
3000031
100300003
200200003
200300002
300200002
300300001
10141003
20041003
20131003
20141002
30041002
30131002
30141001
130000111
220000111
230000011
230000101
23000011
320000011
320000101
32000011
130000114
220000114
230000014
230000104
230000113
320000014
320000104
320000113
330000004
330000112
20020003
20030002
30020002
30030001
100300033
200200033
200300023
200300032
300200023
300200032
300300013
300300022
300300031
124003
124102
1023103
1024003
1024102
1123102
1124002
20001322
20001331
30001312
2401003
2411002
3401002
130000141
220000141
230000041
230000131
23000014
320000041
320000131
32000014
33000004
330000121
103114
203014
203104
302014
302104
303004
102313
102412
20212111
20222011
20222101
30212011
30212101
3110104
4000114
4010104
4010113
4100104
4100113
101121211
101122111
101122201
110121211
110122111
110122201
111120211
111121201
111122011
220033
230023
230032
320023
320032
201101221
210101221
211101121
211101211
301101121
301101211
310101121
310101211
311101021
311101201
3221101
4220011
4220101
12301
21301
12304
21304
10101403
10110403
10111402
11100403
11101402
11110402
21400111
30400111
31400011
31400101
40400011
40400101
4040011
2000104
1040212
31101013
31101112
40101013
40101103
40101112
41101012
41101102
2004121
200422
3004021
101410111
200410111
201310111
201410011
201410101
20141011
300410011
300410101
30041011
301310011
301310101
30131011
104131
101111113
201011113
201111013
201111103
201111112
301011013
301011112
301111003
301111012
301111102
1000141
2000041
2000131
100300111
200200111
200300011
200300101
20030011
300200011
300200101
30020011
100300114
200200114
200300014
200300104
200300113
300200014
300200104
300200113
300300004
300300112
20410003
21310003
21410002
30410002
31310002
31410001
100001113
200001013
200001103
200001112
300001012
300001102
2001223
2002123
130000222
220000222
230000122
230000212
230000221
320000122
320000212
320000221
330000202
33000022
20200003
20300002
30200002
30300001
100300141
200200141
200300041
200300131
20030014
300200041
300200131
30020014
30030004
300300121
2041003
2131003
2141002
3041002
3131002
124201
1023211
1024201
102421
1123201
123301
132301
100001143
200001043
200001133
200001142
300001033
300001042
300001123
300001132
2020003
2030002
3020002
101014111
101104111
101114011
101114101
110014111
110104111
110114011
110114101
111004111
111014011
111014101
111104011
111104101
111114001
20200033
20300023
20300032
30200023
30200032
30300031
13201
21013
21112
31012
201130003
210130003
211120003
211130002
300130003
301120003
301130002
310120003
310130002
311120002
311130001
10401013
10401112
11401012
2000212
3000202
101134
110134
40101121
41101021
2032003
2033002
3023002
3032002
2200003
2300002
3200002
20113003
21013003
21112003
21113002
30113002
31012003
31013002
31112002
31113001
130000303
220000303
230000203
230000302
310000303
320000203
320000302
330000301
201011221
201111121
201111211
301011121
301111021
301111201
2222101
3212101
100300222
200200222
200300122
200300212
200300221
300200122
300200212
300200221
300300202
30030022
20410111
21310111
21410011
21410101
30410011
30410101
31310011
31310101
100001221
200001121
200001211
300001021
300001201
2101111
2111101
3101101
3110101
21011113
21111013
21111112
31011013
31011112
31111012
22000033
23000023
23000032
32000023
32000032
33000031
20200111
20300011
20300101
30200011
30200101
20200114
20300014
20300104
30200014
30200104
30300004
20001013
20001112
30001012
202123
2101114
2111104
3101104
202411
203401
302401
20200141
20300041
20300131
30200041
30200131
2000203
2000302
3000301
2404
123121
213121
223021
223201
20001043
20001142
30001042
2013103
2014003
2014102
3013102
3014002
201130111
210130111
211120111
211130011
211130101
21113011
300130111
301130011
301130101
310120111
310130011
310130101
31013011
311120011
311120101
31112011
1003003
2002003
2003002
3002002
100300303
200200303
200300203
200300302
300200203
300200302
300300301
130111003
220111003
230101003
230111002
310111003
320101003
320111002
330101002
330111001
4010101
401011
211011103
311010103
311011003
311011102
400011103
401001103
401010103
401011003
401011102
410001103
410010103
410011003
410011102
411000103
411001003
411001102
411010102
411011002
411011101
101140003
200140003
201040003
201140002
300140002
301040002
301140001
20020033
20030023
20030032
30020023
30020032
30030031
100030003
200020003
200030002
300020002
300030001
100001332
200001232
200001322
200001331
300001231
300001312
1010143
1011043
1011142
1110043
1110142
1111042
1223101
2123101
10001224
20000224
20001124
20001214
20001223
30001024
30001204
10003003
20002003
20003002
30002002
30003001
100030033
200020033
200030023
200030032
300010033
300020023
300020032
300030013
300030022
300030031
4400101
12400111
13400101
1340011
224101
1204111
1214101
2101033
2111023
2111032
3101023
3101032
3111031
100411003
200401003
200411002
300401002
300411001
23200003
33200002
123100003
123200002
132100003
132200002
133100002
133200001
100001413
200001313
200001403
200001412
300001402
130111111
220111111
230101111
230111011
230111101
320101111
320111011
320111101
330101011
330101101
211011211
311010211
311011201
400011211
401010211
401011111
401011201
410010211
410011111
410011201
411010201
411011011
1320211
1321201
1420201
200140111
201040111
201140011
201140101
300040111
300140011
300140101
301040011
301040101
2320003
3320002
12310003
12320002
13210003
13220002
13310002
13320001
40011103
41010103
41011003
41011102
121011103
131010103
131011003
131011102
140010103
140011003
140011102
141010102
141011002
141011101
100030114
200020114
200030014
200030104
200030113
300020014
300020104
300020113
300030004
300030112
122020003
122030002
202030003
212020003
212030002
220030003
221020003
221030002
222010003
222020002
222030001
1430101
10420111
10430101
11420101
4101013
4101112
13100113
13101013
13101112
14101012
2101303
2111203
2111302
3101203
3101302
3111202
100030141
200020141
200030041
200030131
20003014
300020041
300020131
30002014
30003004
300030121
2104003
2114002
3104002
1040131
104014
132013
132112
142012
142102
2101141
2111041
2111131
3101041
3101131
1012111
1013011
1013101
1102111
1103011
1103101
1112011
1112101
1113001
211003111
311002111
311003011
311003101
400003111
401002111
401003011
401003101
410002111
410003011
410003101
411002011
411002101
411003001
10121113
10131013
10131103
10131112
11121013
11121112
11131012
11131102
10011211
20010211
20011201
30010201
23200111
33100111
33200011
33200101
123100111
123200011
123200101
12320011
132100111
132200011
132200101
13220011
133100011
133100101
13310011
100112113
200102113
200112013
200112103
200112112
300102013
300102103
300102112
300112012
300112102
121003003
131002003
131003002
140002003
140003002
141002002
141003001
101211103
101310103
101311003
101311102
110211103
110310103
110311003
110311102
111210103
111211003
111211102
111310102
111311002
111311101
113104
1012114
1013104
1102114
1103104
1112104
10001413
20001313
20001412
131010211
131011111
131011201
13101121
140010211
140011111
140011201
141010201
14101021
141011011
20010214
20011204
30010204
100030222
200020222
200030122
200030212
200030221
300020122
300020212
300020221
300030202
300030211
20140111
21040111
21140101
30040111
30140101
31040101
220003
230002
320002
13100203
13100302
14100301
2101222
2111212
3101212
134002
10030111
20020111
20030101
30020101
1000144
2000134
3000124
20020114
20030104
30020104
204100003
213100003
214000003
214100002
303100003
304000003
304100002
313000003
313100002
314000002
314100001
201241
210241
211231
310231
10400212
11200222
11300212
11400202
20020141
20030041
20030131
30020041
30020131
22100023
22100032
102100033
112100023
112100032
120100033
121000033
121100023
121100032
122000023
122000032
122100013
122100022
122100031
10121221
10131121
1013122
11121121
11131021
101203003
101302003
101303002
110203003
110302003
110303002
111103003
111202003
111203002
111302002
111303001
200102221
200112121
300102121
300112021
200020303
200030203
200030302
300020203
300020302
300030301
1102003
1103002
10102003
10103002
11002003
11003002
11102002
11103001
103321
131002111
131003011
131003101
13100311
140002111
140003011
140003101
14000311
141002011
141002101
232201
101211211
101310211
101311111
101311201
110211211
110310211
110311111
110311201
111210211
111211201
111310201
111311011
12021211
12120211
12121111
12121201
102021211
102120211
102121111
102121201
10212121
112020211
112021111
112021201
11202121
112120111
112120201
11212021
112121011
112121101
1340101
20102113
20112013
20112112
30102013
30102112
30112012
101012113
101012212
110012113
110012212
111012013
111012112
1020322
1021312
1021321
1120312
1120321
20002033
20003023
20003032
30002023
30002032
30003031
1031311
1032301
103231
1131301
21210103
21211102
22110103
22111102
22210102
22211002
22211101
1230211
1231201
2120212
2200222
2210212
2220202
20020222
20030122
20030212
30020122
30020212
204100111
213100111
214000111
214100011
214100101
303100111
304000111
304100011
304100101
313000111
313100011
313100101
314000011
314000101
12100114
22000114
22100014
22100104
102100114
112000114
112100014
112100104
112100113
120100114
121000114
121100014
121100104
121100113
122000014
122000104
122000113
122100004
122100103
122100112
2130211
2131201
2230201
104104
12301003
12311002
21301003
21311002
22300003
22301002
22310002
22311001
1001224
2000224
2001124
3001024
10201222
10210222
10211122
10211212
11201122
11201212
11210122
11210212
11211022
10202221
10212211
11202211
11212201
10221211
10222201
11220211
11221201
22000141
22100041
22100131
102100141
112100041
112100131
11210014
120100141
121000141
121100041
121100131
12110014
122000041
122000131
12200014
12210004
122100121
12010222
12110122
12110212
12200122
12200212
12210022
12220201
12221011
12221101
203110003
204010003
204110002
303110002
304010002
304110001
12301111
12310111
12311011
12311101
12320101
12321001
200021203
200022103
200022202
300021202
300022102
2040103
2041102
3040102
21200122
21200212
22000222
22100122
22100212
22200022
22200202
202000003
203000002
302000002
303000001
11303101
101203111
101302111
101303011
101303101
110203111
110302111
110303011
110303101
111202111
111203011
111203101
111302011
111302101
21301111
21311011
21311101
22211011
22300111
22301011
22301101
22310011
22310101
100141003
200131003
200141002
300131002
300141001
11000041
11000131
101000041
101000131
10100014
110000041
110000131
11000014
111000031
11100004
111000121
20401003
20411002
30401002
30411001
403000111
404000011
404000101
412000111
413000011
413000101
414000001
2001313
2001412
2000311
2000401
20002123
1204003
1214002
10204003
10213003
10214002
11204002
11212003
11213002
11214001
212002
221002
202000033
203000023
203000032
302000023
302000032
303000013
303000022
303000031
10204111
10214011
10214101
11204011
11204101
12010111
12110011
12110101
12200011
12200101
12210001
112210111
202210111
212110111
212210011
212210101
302110111
302210011
302210101
312010111
312110011
312110101
20013103
20014003
20014102
30013102
30014002
13120111
13220101
102220111
103120111
103210111
103220011
103220101
112220011
112220101
113120011
113120101
113210011
113210101
113220001
102100222
112100122
112100212
112100221
120100222
121000222
121100122
121100212
121100221
122000122
122000212
122000221
122100202
121111003
122011003
122101003
122110003
122111002
202111003
211111003
212011003
212101003
212111002
221011003
221101003
221111002
222001003
222011002
222101002
222110002
222111001
1010323
1100323
1402111
1403101
10402111
10403101
11402101
23110111
23210011
23210101
121210111
122210011
122210101
123010111
123110011
123110101
123210001
122023
122032
24100111
34100101
42100111
43100101
4310011
202000222
212000122
212000212
212000221
221000122
221000212
221000221
222000022
222000112
222000121
222000202
222000211
122001121
202001221
212001121
212001211
220001221
221001121
221001211
222001021
222001111
222001201
100014103
200013103
200014003
200014102
300013102
300014002
212010211
212011111
212011201
221010211
221011111
221011201
222010111
222010201
222011011
222011101
20001241
20010241
20011231
30010231
203110111
204010111
204110011
204110101
20411011
303110011
303110101
304010011
304010101
30401011
202111111
212101111
212111011
212111101
221101111
221111011
221111101
222101011
222101101
222110011
222110101
21210211
21211201
22210201
12010114
12110104
102010114
102110014
102110104
102110113
110110114
111110014
111110104
111110113
112010014
112010104
112010113
112110004
112110013
112110103
112110112
410023
410032
1210033
1310023
1310032
213010111
213110011
213110101
223000111
223010011
223010101
223100011
223100101
223110001
200021311
200022301
20002231
300020311
300021301
30002131
232000111
232100011
232100101
233000011
233000101
23300011
233100001
23310001
202000111
203000011
203000101
302000011
302000101
13310101
23300101
24010111
24110101
33110101
34010101
200041111
200131111
200141011
200141101
300041011
300131011
300131101
11222002
101212003
101221003
101222002
110212003
110221003
110222002
111212002
111221002
111222001
101212
20020411
20030401
30020401
2030401
3020401
202000141
203000041
203000131
302000041
302000131
303000121
2300401
3200401
10041103
11040103
11041003
11041102
101040103
101041003
101041102
110040103
110041003
110041102
111040003
111040102
111041002
122300002
202300003
212300002
220300003
221300002
222300001
1020211
1021201
1120201
104002003
104003002
112003003
113002003
113003002
114002002
114003001
230200003
230300002
320300002
330200002
330300001
10103113
10104013
10104112
11003113
11004013
11004112
11104012
21200203
21200302
22100203
22100302
22200301
431002
21200011
21200101
22000111
22100011
22100101
22200001
4040101
4130101
101000122
101000212
101000221
110000122
110000212
110000221
111000022
111000112
111000202
111000211
101001121
101001211
110001121
110001211
111001021
111001111
111001201
21202
12202003
12203002
21202003
21203002
22102003
22103002
22202002
22203001
11010211
11011201
100011211
101010211
101011111
101011201
110010211
110011111
110011201
111010111
111010201
111011011
111011101
23020003
23030002
32030002
33020002
33030001
101101111
101111011
101111101
110101111
110110111
110111011
110111101
111101011
111101101
111110011
111110101
111111001
10110211
10111201
11110201
100014211
200013211
200014201
20001421
300013201
20021311
20022301
30021301
102010111
102100111
102110011
102110101
112010011
112010101
112100011
112100101
112110001
120100111
121000111
121100011
121100101
122000011
122000101
122100001
102010222
102110122
102110212
102110221
110110222
111110122
111110212
112010122
112010212
112010221
112110022
112110121
112110202
212000011
212000101
221000011
221000101
222000001
203000122
203000212
203000221
302000122
302000212
302000221
303000112
303000202
230401
320401
23000101
32000101
20041111
20131111
20141101
30041101
30131101
11000011
11000101
101000011
101000101
10100011
110000011
110000101
111000001
11100001
10100101
100041211
101040211
101041201
10104121
110040211
110041201
11004121
111040201
11104021
10110103
10111102
11010103
11011003
11011102
11110102
11111002
23000041
23000131
32000041
32000131
220300111
230200111
230300011
230300101
23030011
320300011
320300101
32030011
330200011
330200101
33020011
10324
20320111
20330011
20330101
30230011
30230101
30320011
30320101
30330001
102124
102214
110224
112024
112204
232102
220001113
230001013
230001112
320001013
320001112
330001012
1010224
1100224
10110133
10111123
10111132
11110123
11110132
11111023
11111032
102010303
102100303
102110203
102110302
110110303
111100303
111110203
111110302
112010203
112010302
112100203
112100302
112110301
2210002
10210003
11210002
12010003
12110002
12200002
1230103
1231003
1231102
1232002
1321003
1322002
1331002
21202111
21203011
21203101
22202011
22202101
42010111
42110011
42110101
42200011
42200101
42210001
2231002
2321002
2330002
10100224
10101214
11000224
11100214
11101204
131302
202000303
203000203
203000302
302000203
302000302
303000301
10201114
10210114
10211014
10211104
11111014
11111104
11201014
11201104
11210104
11211004
10202113
10212013
10212103
10212112
11202013
11202103
11202112
11212012
11212102
13000114
23000104
32000104
10312003
10321003
10322002
11312002
11321002
12200104
10221103
11220103
11221102
12021103
12120103
12121003
12121102
12220102
12221002
21200014
21200104
22200004
4310101
100001224
101000224
101001124
110000224
110001124
111000124
111001024
20004211
20013211
20014201
2001421
30004201
30013201
13130101
1313011
14120101
1412011
401101
4011013
4011112
4111012
12013003
12112003
12113002
12212002
11000323
101000233
101000323
101000332
110000233
110000323
110000332
111000232
111000313
102021103
102111103
102120103
102121003
102121102
112011103
112020103
112021003
112021102
112101103
112111102
112120003
112120102
112121002
102211003
102220003
102221002
112201003
112211002
112220002
112221001
103120003
103210003
103220002
113120002
113210002
120111103
121101103
121110103
121111102
122001103
122010103
122011102
122101102
122110102
23000122
23000212
32000122
32000212
120211003
121201003
121210003
121211002
122201002
122210002
122211001
23210002
123010003
123110002
202000114
212000014
212000104
212000113
221000014
221000104
221000113
222000004
222000013
222000103
122001013
122001112
202001113
212001013
212001103
212001112
221001013
221001103
221001112
222001012
222001102
212010103
212011102
221010103
221011102
222010102
102211111
112201111
112211011
112211101
120211111
121201111
121211011
121211101
122201011
122201101
213010003
213110002
223000003
223010002
223100002
232000003
232100002
233000002
2200141
2300041
2300131
3200041
3200131
10110214
10111204
11110204
43201
100003033
101002033
101003023
101003032
110002033
110003023
110003032
111002032
111003013
111003022
111003031
201121003
201211003
201220003
201221002
301021003
301121002
301201003
301211002
301220002
1021003
1121002
1201003
1211002
1220002
200201113
200301013
200301112
300201013
300201112
300301012
13201003
13211002
14201002
14210002
10201003
10211002
11201002
2130103
2131102
2230102
11000104
101000014
101000104
101000113
110000014
110000104
110000113
111000004
111000013
111000103
101001013
101001103
101001112
110001013
110001103
110001112
111001003
111001012
111001102
100011103
101010103
101011003
101011102
110010103
110011003
110011102
111010003
111010102
111011002
101101003
101111002
110101003
110110003
110111002
111101002
111110002
230001121
320001121
330001021
102010003
102100003
102110002
112010002
112100002
22100002
120100003
121000003
121100002
122000002
212000002
221000002
12010411
12100411
12110401
102010411
102100411
102110311
102110401
10211041
110110411
111110311
111110401
112000411
112010311
112010401
11201041
112100311
112100401
11210041
11211031
101002
110002
1020103
1021102
1120102
11000002
101000002
110000002
1241002
10231003
10241002
11141002
11231002
1020241
1021231
1120231
103000411
202000411
203000311
203000401
302000311
302000401
11000314
11000404
11000413
101000314
101000404
101000413
110000314
110000404
110000413
111000304
111000412
2020141
2120041
2120131
2210041
2210131
2220031
10222102
10201141
10210141
10211131
11201131
11210131
1022212
12010141
12110041
12110131
12200041
12200131
12210031
11000341
11000431
1100044
101000341
101000431
10100044
110000341
110000431
11000044
11100034
111000421
2300212
3200212
10003111
10102111
10103011
10103101
11002111
11003011
11003101
11102011
11102101
131000122
131000212
140000122
140000212
141000022
141000202
1220023
1220032
2120023
2120032
2210023
2210032
101110141
102010141
102110041
102110131
110110141
111110041
111110131
112010041
112010131
112110031
212000041
212000131
221000041
221000131
222000031
23300002
12010033
12110023
12110032
101110033
102010033
102110023
102110032
110110033
111110023
111110032
112010023
112010032
110023
110032
1010023
1010032
1100023
1100032
1110031
200201221
200301121
300201121
300301021
1010041
1010131
1100041
1100131
113002
1012003
1013002
1112002
200001223
200002123
200002222
300002023
300002122
230020003
230030002
320020003
320030002
330020002
330030001
10100104
102221011
102221101
110221111
111221011
111221101
21200002
1100002
10100002
203101111
203111011
203111101
302101111
302111011
302111101
303101011
303101101
303111001
101101114
101111014
101111104
110101114
110111014
110111104
110111113
111101014
111101104
111111004
111111013
111111112
10102303
10103203
10103302
11002303
11003203
11003302
11102302
11103202
11103301
212023
212032
221023
221032
1010044
1010134
1100134
1110034
1201033
1211023
1211032
10100134
11000134
10201033
10210033
10211023
10211032
11201023
11201032
11210023
11210032
12200023
12200032
104010103
104011102
113010103
113011102
114010102
101000044
101000134
101000143
110000044
110000134
110000143
111000034
111000043
111000142
101101141
101111041
101111131
110101141
110111041
110111131
111101041
111101131
111111031
21013111
21112111
21113101
31012111
31013101
31112101
100111033
101101033
101111023
101111032
110101033
110111023
110111032
111101023
111101032
111111022
212000023
212000032
221000023
221000032
101023
101032
11000023
11000032
100000033
101000023
101000032
110000023
110000032
212401
10100341
10100431
11100421
12200401
20200411
21200311
21200401
22000411
22100311
22100401
40111003
41111002
131101003
131111002
140101003
140110003
140111002
141101002
141110002
141111001
200230003
200320003
200330002
300230002
300320002
300330001
120100411
121000411
121100311
121100401
122000311
122000401
122100301
200002231
300002131
212000311
212000401
21200041
220000411
221000311
221000401
222000301
22200031
220030111
230020111
230030011
230030101
320020111
320030011
320030101
330020011
330020101
21200131
402100003
412000003
412100002
420100003
421100002
422000002
422100001
10100023
10100032
11100031
10000411
10100311
10100401
11000311
11000401
11100301
101101222
101111122
101111212
110101222
110111122
110111212
111101122
111101212
111111202
100000411
101000311
101000401
10100041
110000311
110000401
111000301
10100131
40210003
41210002
42010003
42110002
42200002
2120002
1103212
10103212
10103221
11003212
11003221
23101111
23111101
32101111
32111101
33101101
1010002
104010211
104011201
113010211
113011201
114010201
2120203
2120302
10100314
10100404
10100413
11100304
11100313
11100412
10101313
10101412
11001313
11001412
101001313
101001412
110001313
110001412
111001411
10400203
10400302
11300203
11300302
120100303
121000303
121100203
121100302
122000203
122000302
211000303
212000203
212000302
221000203
221000302
10100203
10100302
11000203
11000302
101000203
101000302
110000203
110000302
21200023
21200032
1020403
1021402
1120402
1313101
1412101
2030041
2030131
3020041
3020131
10100323
200230111
200320111
200330011
200330101
300230011
300230101
300320011
300320101
1013212
20002111
20003011
20003101
30002011
30002101
101101303
101111203
101111302
110101303
110111203
110111302
111101203
111101302
111111301
200021113
200031013
200031112
300021013
300021112
300031012
311111002
400111003
401101003
401110003
401111002
410101003
410110003
410111002
411101002
411110002
411111001
402100111
412100011
412100101
420100111
421100011
421100101
422000011
422000101
20320003
20330002
30230002
30320002
100003222
101003122
101003212
101003221
110003122
110003212
110003221
111003112
111003121
111003202
111003211
10004221
1100422
101004121
101004211
10100422
110004121
110004211
11000422
111004021
111004201
101013211
101014201
10101421
110013211
110014201
11001421
111013201
212002111
212003011
212003101
221002111
221003011
221003101
222002011
222002101
222003001
10003114
20002114
20003104
30002104
104002111
104003011
104003101
113002111
113003011
113003101
114002011
114002101
402010003
402110002
412010002
412110001
100003111
101002111
101003011
101003101
110002111
110003011
110003101
111002011
111002101
111003001
224002
10102114
10103014
10103104
11002114
11003014
11003104
11102014
11102104
11103004
400000003
401000002
410000002
411000001
100003114
101002114
101003014
101003104
101003113
110002114
110003014
110003104
110003113
111002014
111002104
111003004
111003103
101004013
101004103
101004112
110004013
110004103
110004112
111004003
111004012
111004102
101013103
101014003
101014102
110013103
110014003
110014102
111013003
111013102
111014002
100114003
101104003
101113003
101114002
110104003
110113003
110114002
111104002
111113002
102013003
102103003
102112003
102113002
112012003
112013002
112102003
112103002
112112002
210214
211204
310204
120103003
121102003
121103002
122002003
122003002
122102002
40201003
40211002
41201002
211003003
212002003
212003002
221002003
221003002
222002002
104002
100003003
101002003
101003002
110002003
110003002
111002002
400000033
401000023
401000032
410000023
410000032
411000013
411000022
411000031
100003141
101002141
101003041
101003131
110002141
110003041
110003131
111002041
20040103
20041102
30040102
100111411
101011411
101101411
101111311
101111401
110011411
110101411
110111311
110111401
111101311
111101401
200021221
200031121
200031211
300021121
300031021
300031201
101200303
101300203
101300302
110200303
110300203
110300302
111200203
111200302
111300202
111300301
1012411
1013401
1102411
1103401
1112401
10102411
10103311
10103401
11002411
11003311
11003401
11102401
22400002
102400003
112400002
120400003
121400002
122400001
101002411
101003311
101003401
110002411
110003311
110003401
111002401
111003301
100003303
101002303
101003203
101003302
110002303
110003203
110003302
111002302
2102221
2112121
3102121
3112021
130000411
230000311
230000401
320000311
320000401
1040023
1040032
4010002
400000111
401000011
401000101
410000011
410000101
400000114
401000014
401000104
401000113
410000014
410000104
410000113
411000004
411000112
132010003
132110002
142010002
142100002
142110001
4000411
4010401
4100401
21021211
21120211
21121201
31020211
31021201
31120201
131000002
140000002
141000001
20010322
20011312
30010312
200104003
200113003
200114002
300104002
300113002
400000141
401000041
401000131
410000041
410000131
13000411
13100401
14000401
200401
401002
100300411
200200411
200300311
200300401
300200311
300200401
101212111
101222011
101222101
110212111
110222011
110222101
111212011
111212101
131000023
131000032
140000023
140000032
141000031
101131003
101141002
110131003
110140003
110141002
111131002
111140002
122020111
122030011
122030101
202030111
212020111
212030011
212030101
221020111
221030011
221030101
222020011
222020101
22400011
22400101
102400111
112400011
112400101
120400111
121400011
121400101
122300011
122300101
102101113
112101013
112101112
120101113
121101013
121101112
122101012
100030111
200020111
200030011
200030101
300020011
300020101
10120111
10130011
10130101
11020111
11030011
11030101
11120011
11120101
101020111
101030011
101030101
110020111
110030011
110030101
111020011
111020101
111030001
20104003
20114002
30104002
12410002
102310003
102410002
110410003
111410002
112310002
112410001
100411111
200401111
200411011
200411101
300401011
300401101
400000222
401000122
401000212
410000122
410000212
411000202
132010111
132110011
132110101
140110111
141110011
141110101
142010011
142010101
142100011
142100101
203200003
203300002
302300002
303200002
303300001
401023
401032
131000011
131000101
140000011
140000101
400001113
401001013
401001112
410001013
410001112
411001012
131000014
131000104
140000014
140000104
141000004
311002003
311003002
400003003
401002003
401003002
410002003
410003002
411002002
131002
101020003
101030002
110020003
110030002
111020002
20300401
30200401
210111103
211110103
211111102
310110103
310111102
311110102
101200033
101300023
101300032
110200033
110300023
110300032
111200023
111200032
111300022
111300031
131000041
131000131
13100014
140000041
140000131
14000014
14100004
20401111
20411101
30401101
32300011
32300101
33300001
102101221
112101121
120101221
121101121
122101021
2021311
2022301
3021301
311000203
311000302
400000303
401000203
401000302
410000203
410000302
411000301
13100104
14000104
200020411
200030311
200030401
20003041
300020401
30002041
12410011
12410101
102310111
102410011
102410101
110410111
111410011
111410101
112310011
112310101
101023111
101032111
101033011
101033101
110023111
110032111
110033011
110033101
111023011
111023101
111032011
111032101
111033001
102011113
102111013
102111112
112011013
112011112
112111012
101023003
101032003
101033002
110023003
110032003
110033002
111023002
111032002
202300111
203200111
203300011
203300101
302300011
302300101
303200011
303200101
101200114
101300014
101300104
110200114
110300014
110300104
111200014
111200104
111300004
203000113
203001013
203001112
302000113
302001013
302001112
303001012
201103003
210103003
211102003
211103002
301102003
301103002
310102003
310103002
311102002
311103001
104000311
104000401
113000311
113000401
210211003
211201003
211211002
310201003
310211002
311201002
32300002
403000003
404000002
413000002
103000114
203000014
203000104
302000014
302000104
303000004
210111211
211110211
211111201
310110211
310111201
311110201
101200141
101300041
101300131
110200141
110300041
110300131
111200041
111200131
200000311
200000401
101001043
101001142
110001043
110001142
111001042
101401111
101411011
101411101
110401111
110411011
110411101
111401011
111401101
111411001
3230002
40110103
40111102
41110102
212300011
212300101
221300011
221300101
21010411
21110311
21110401
31010311
31010401
200121103
201021103
201120103
201121102
300120103
300121102
301020103
301021102
301120102
104000014
104000104
113000014
113000104
114000004
102130003
112130002
120130003
121120003
121130002
122120002
122130001
400000411
401000311
401000401
410000311
410000401
1320103
1321102
1420102
1421002
200010103
200011102
300010102
21010033
21110023
21110032
31010023
31010032
101200111
101300011
101300101
110200111
110300011
110300101
111200011
111200101
111300001
131000203
131000302
140000203
140000302
141000301
102011221
102111121
112011121
112111021
200010133
200011033
200011123
200011132
300010123
300010132
300011023
300011032
101200222
101300122
101300212
110200222
110300122
110300212
111200122
111200212
201010141
201110041
201110131
301010041
301010131
301110031
203001121
302001121
303001021
201103111
210103111
211102111
211103011
211103101
301102111
301103011
301103101
310102111
310103011
310103101
311102011
311102101
101401003
101411002
110401003
110411002
111401002
202120003
202220002
302020003
302120002
302220001
101200003
101300002
110200003
110300002
111200002
1010422
200000224
200001124
200001214
300001024
300001204
10140103
10141102
11140102
201013003
201112003
201113002
301012003
301013002
301112002
301113001
20000311
20000401
200110033
201010033
201110023
201110032
300110023
300110032
301010023
301010032
200000023
200000032
201021211
201120211
201121201
301020211
301021201
301120201
102130111
112130011
112130101
120130111
121120111
121130011
121130101
122120011
122120101
400111111
401101111
401110111
401111011
401111101
410101111
410110111
410111011
410111101
411101011
411101101
411110011
411110101
200010211
200011201
300010201
101200411
101300311
101300401
110200411
110300311
110300401
111200311
111200401
200010214
200011204
300010204
202120111
202220011
202220101
302020111
302120011
302120101
200002033
200003023
200003032
300002032
300003022
300003031
203101003
203111002
302101003
302111002
303101002
131000311
131000401
140000311
140000401
102040003
102140002
112040002
112140001
200001241
200010241
200011231
300010231
203020003
203030002
302030002
303020002
303030001
101001232
110001232
210100303
211100203
211100302
310100203
310100302
101020033
101030023
101030032
110020033
110030023
110030032
111020023
111020032
111030022
111030031
201013111
201112111
201113011
201113101
301012111
301013011
301013101
301112011
301112101
23000401
32000401
200040211
200041201
20004121
300040201
30004021
2000422
200002111
200003011
200003101
300002011
300002101
300003001
200002114
200003014
200003104
300002014
300002104
300003004
200010322
200011312
300010312
200002141
200003041
200003131
300002041
131101111
131111011
131111101
140101111
140111011
140111101
141101011
141101101
102040111
102140011
102140101
112040011
112040101
20040211
20041201
30040201
2000101
203020111
203030011
203030101
302030011
302030101
303020011
303020101
101020114
101030014
101030104
110020114
110030014
110030104
111020014
111020104
111030004
200101033
200111023
200111032
300101023
300101032
101020141
101030041
101030131
110020141
110030041
110030131
111020041
111020131
200010403
200011402
300010402
300011401
200003122
200003212
300003202
402010111
402110011
402110101
412010011
412010101
323000002
332000002
333000001
101102113
101112013
101112112
110102113
110112013
110112112
111102013
111102112
111112012
323000011
323000101
332000011
332000101
20002141
20003131
101020222
101030122
101030212
110020222
110030122
110030212
111020122
111020212
200011411
200101411
200111311
200111401
300101311
300101401
23020111
23030101
32030101
33020101
200002303
200003203
200003302
300002302
200002003
200003002
300002002
200122102