12
21
3
120003
210003
220002
300003
310002
320001
103002
202002
203001
301002
302001
303
1030023
2020023
2030013
2030022
3010023
3020013
3020022
3030003
3030012
3030021
13332
22332
23232
23322
23331
31332
32232
32322
32331
33132
33222
33231
33312
33321
3333
132033
222033
231033
232023
232032
312033
321033
322023
322032
330033
331023
331032
332013
332022
332031
1323
2223
2313
2322
3123
3213
3222
3303
3312
3321
132303
222303
231303
232203
232302
312303
321303
322203
322302
330303
331203
331302
332103
332202
332301
1030032
2020032
2030031
3010032
3020031
303003
12333
21333
22233
22323
30333
31233
31323
32133
32223
32313
1023
2013
2022
3003
3012
3021
1203
1302
2103
2202
2301
10233
20133
20223
20232
30033
30123
30132
30213
30222
30231
1203003
1302003
1303002
2103003
2202003
2203002
2301003
2302002
2303001
12003
21003
22002
30003
31002
32001
120033
210033
220023
220032
300033
310023
310032
320013
320022
320031
10002
20001
33
1032
2031
102303
103203
103302
201303
202203
202302
203103
203202
203301
123
132
213
222
231
13233
23133
23223
33033
33123
33213
33003
123003
132003
133002
213003
222003
223002
231003
232002
233001
312
321
1020333
2010333
2020233
2020323
2020332
3000333
3010233
3010323
3010332
3020133
3020223
3020232
3020313
3020322
3020331
12303
21303
22203
22302
30303
31203
31302
32103
32202
32301
120303
130203
130302
210303
220203
220302
230103
230202
230301
1002
2001
303033
1203033
1302033
1303023
1303032
2103033
2202033
2203023
2203032
2301033
2302023
2302032
2303013
2303022
2303031
1002003
1003002
2001003
2002002
2003001
10023
10032
20013
20022
20031
333
10323
10332
20313
20322
20331
102333
103233
103323
103332
201333
202233
202323
202332
203133
203223
203232
203313
203322
203331
13203
13302
23103
23202
23301
123033
133023
133032
213033
223023
223032
233013
233022
233031
1233
2133
2232
3033
3132
3231
130323
220323
230223
230313
230322
310323
320223
320313
320322
330123
330213
330222
330312
330321
100203
100302
200103
200202
200301
1002033
1003023
1003032
2001033
2002023
2002032
2003013
2003022
2003031
3103002
3202002
3203001
3301002
3302001
10302
20202
20301
30102
30201
1230303
2130303
2220303
2230203
2230302
3030303
3120303
3130203
3130302
3210303
3220203
3220302
3230103
3230202
3230301
1200003
1300002
2100003
2200002
2300001
3102
3201
3102003
3201003
3300003
13323
23313
313023
313032
323013
323022
323031
1323003
2223003
2313003
2322003
2323002
3123003
3213003
3222003
3223002
3303003
3312003
3313002
3321003
3322002
3323001
30312
30321
130002
230001
1200033
1300023
1300032
2100033
2200023
2200032
2300013
2300022
2300031
1000002
2000001
300102
300201
100233
100323
100332
200133
200223
200232
200313
200322
200331
13002
23001
3001023
3002013
3002022
3003003
3003012
3003021
130023
130032
230013
230022
230031
3000003
3001002
3002001
33303
1023303
1032303
1033203
1033302
2013303
2022303
2023203
2023302
2031303
2032203
2032302
2033103
2033202
2033301
1023003
2013003
2022003
2023002
3012003
3013002
3021003
3022002
3023001
100002
200001
1000023
1000032
2000013
2000022
2000031
3100002
3200001
3000033
3001032
3002031
300303
301203
301302
302103
302202
302301
3100023
3200013
3200022
3300012
3300021
1023033
2013033
2022033
2023023
2023032
3003033
3012033
3013023
3013032
3021033
3022023
3022032
3023013
3023022
3023031
1030203
2020203
2030103
2030202
3010203
3020103
3020202
3030102
3030201
1320303
1330203
1330302
2310303
2320203
2320302
2330103
2330202
2330301
1320003
2220003
2310003
2320002
3120003
3210003
3220002
3310002
3320001
30012
30021
300123
300132
300213
300222
300231
313002
322002
323001
331002
332001
102
201
103023
202023
203013
203022
301023
302013
302022
303012
303021
3000012
3000021
1030233
2030133
2030223
2030232
3030033
3030123
3030132
3030213
3030222
3030231
301323
302223
302313
302322
303123
303213
303222
303303
303312
303321
10203
20103
312003
321003
330003
1020303
1030302
2010303
2020302
2030301
1320033
2220033
2310033
2320023
2320032
3120033
3210033
3220023
3220032
3300033
3310023
3310032
3320013
3320022
3320031
1020003
2010003
2020002
3010002
3020001
301332
302232
302331
303132
303231
1203303
2103303
2202303
2203203
2203302
3003303
3102303
3103203
3103302
3201303
3202203
3202302
3203103
3203202
3203301
1233003
2133003
2232003
2233002
3033003
3132003
3133002
3231003
3232002
3233001
130332
220332
230232
230331
310332
320232
320331
330132
330231
333012
333021
3012303
3021303
3022203
3022302
3031203
3031302
3032103
3032202
3032301
133302
223302
233202
233301
313302
323202
323301
333102
333201
1003332
2002332
2003232
2003322
2003331
3001332
3002232
3002322
3002331
3003132
3003222
3003231
3003312
3003321
300333
3013302
3023202
3023301
3033102
3033201
1300332
2200332
2300232
2300322
2300331
3100332
3200232
3200322
3200331
3300132
3300222
3300231
3300312
3300321
3103032
3202032
3203022
3203031
3301032
3302022
3302031
3303012
3303021
1303302
2302302
2303202
2303301
3301302
3302202
3302301
3303102
3303201
130233
220233
230133
310233
320133
102033
103032
201033
202032
203031
102003
201003
1030323
1030332
2030313
2030322
2030331
3310302
3320202
3320301
3330102
3330201
123303
213303
223203
313203
323103
13032
22032
23022
23031
31032
32022
32031
33012
33021
3013203
3023103
301233
302133
1332
2331
33102
33201
300312
300321
301032
302031
303102
303201
330012
330021
310302
320202
320301
330102
330201
1000332
2000232
2000322
2000331
3000132
3000222
3000231
3000312
3000321
1003302
2002302
2003202
2003301
3001302
3002202
3002301
3003102
3003201
3010302
3020301
1033002
2032002
2033001
3031002
3032001
3100032
3200031
12033
21033
22023
31023
32013
1303203
2302203
2303103
3301203
3302103
1300302
2200302
2300202
2300301
3100302
3200202
3200301
3300102
3300201
310203
320103
100032
200022
200031
300012
300021
1230003
2130003
2230002
3130002
3230001
13023
23013
1000302
2000202
2000301
3000102
3000201
3030312
3030321
333003
1003323
2002323
2003223
2003313
3001323
3002223
3002313
3003123
3003213
1033023
2032023
2033013
2033022
3031023
3032013
3032022
3033012
3033021
1302303
2301303
3103023
3202023
3203013
3301023
3302013
1332003
1333002
2331003
2332002
2333001
120333
210333
1230033
2130033
2230023
2230032
3130023
3130032
3230013
3230022
3230031
133203
233103
1000323
2000223
2000313
3000123
3000213
3000303
100023
200013
1002303
1003203
2001303
2002203
2003103
1032003
2031003
1030002
2030001
1002333
1003233
2001333
2002233
2003133
3001233
3002133
1032033
1033032
2031033
2032032
2033031
3331002
3332001
1000203
2000103
1300233
2200233
2300133
2300223
3100233
3200133
3200223
3300123
3300213
1200303
1300203
2100303
2200203
2300103
3310203
3320103
3330003
1330002
2330001
3001203
3002103
1020033
2010033
1000233
2000133
3100203
3200103
1200333
1300323
2100333
2200323
2300313
1330023
1330032
2330013
2330022
2330031
3031032
3032031
3102033
3201033
3100323
3200313
3300303
3330012
3330021