1224
2124
2214
2223
3024
3114
3123
3204
3213
3222
4014
4023
4104
4113
4122
4203
4212
4221
13113
14013
14103
14112
103113
104013
104103
104112
112113
113013
113103
113112
114003
114012
114102
114111
1003113
1004013
1004103
1004112
1012113
1013013
1013103
1013112
1014003
1014012
1014102
1014111
1102113
1103013
1103103
1103112
1104003
1104012
1104102
1104111
1111113
1112013
1112103
1112112
1113003
1113012
1113102
1113111
1114002
1114011
1114101
111411
333
10000233
10000323
10000332
20000133
20000223
20000232
20000313
20000322
20000331
30000033
30000123
30000132
30000213
30000222
30000231
30000303
30000312
30000321
3000033
211113
301113
310113
311013
311103
311112
400113
401013
401103
401112
410013
410103
410112
411003
411012
411102
411111
1201113
1210113
1211013
1211103
1211112
1300113
1301013
1301103
1301112
1310013
1310103
1310112
1311003
1311012
1311102
1311111
1400013
1400103
1400112
1401003
1401012
1401102
1401111
1410003
1410012
1410102
1410111
1411002
1411011
1411101
141111
3003111
12003111
13002111
13003011
13003101
1300311
21003111
22002111
22003011
22003101
2200311
23001111
23002011
23002101
2300211
23003001
2300301
230031
30003111
31002111
31003011
31003101
3100311
32001111
32002011
32002101
3200211
32003001
3200301
320031
33000111
33001011
33001101
3300111
33002001
3300201
330021
33003
3111
102111
103011
103101
10311
201111
202011
202101
20211
203001
20301
2031
300111
301011
301101
30111
302001
30201
3021
303
114
100014
100104
100113
200004
200013
200103
200112
300003
300012
300102
11403
10001403
10010403
10011303
10011402
20000403
20001303
20001402
20010303
20010402
20011203
20011302
20011401
30000402
30001203
30001302
30001401
30010203
30010302
30010401
30011103
30011202
30011301
300114
30222
1020222
1030122
1030212
1030221
2010222
2020122
2020212
2020221
2030022
2030112
2030121
2030202
2030211
203022
3000222
3010122
3010212
3010221
3020022
3020112
3020121
3020202
3020211
302022
3030012
3030021
3030102
3030111
303012
3030201
303021
111
201
21
3
1113
2013
2103
2112
3003
3012
3102
4002
4011
4101
411
12213
10002213
10011213
10012113
10012203
10012212
20001213
20002113
20002203
20002212
20010213
20011113
20011212
20012013
20012103
20012112
20012202
20012211
30001113
30001212
30002013
30002103
30002112
30002202
30002211
30010113
30010212
30011013
30011112
30011211
30012003
30012012
30012102
30012111
30012201
3001221
10002222
10003122
10003212
10003221
20001222
20002122
20002221
20003022
20003112
20003121
20003202
20003211
2000322
30001122
30001221
30002022
30002121
30003012
30003021
30003102
3000312
30003201
3000321
3303
4302
12303
13203
13302
14202
14301
102303
103203
103302
104202
104301
111303
112203
112302
113202
113301
114201
1143
11322
101322
110322
111222
111312
111321
200322
201222
201312
201321
210222
210312
210321
211122
211212
211221
211302
211311
21132
300222
300312
300321
301122
301212
301221
301302
301311
30132
310122
310212
310221
310302
310311
31032
311022
311121
311202
311211
31122
311301
31131
10203
10302
100203
100302
110103
110202
110301
1000203
1000302
1010103
1010202
1010301
1100103
1100202
1100301
1110003
1110102
1110201
11103
112221
1012221
1102221
1111221
1112121
1112211
10012221
10102221
10111221
10112121
10112211
1011222
11002221
11011221
11012121
11012211
1101222
11101221
11102121
11102211
1110222
11110221
11111121
11111211
1111122
11112021
11112111
1111212
11112201
100012221
100102221
100111221
100112121
100112211
10011222
101002221
101011221
101012121
101012211
10101222
101101221
101102121
101102211
10110222
101110221
101111121
101111211
10111122
101112021
101112111
10111212
101112201
110002221
110011221
110012121
110012211
11001222
110101221
110102121
110102211
11010222
110110221
110111121
110111211
11011122
110112021
110112111
11011212
110112201
111001221
111002121
111002211
11100222
111010221
111011121
111011211
11101122
111012021
111012111
11101212
111012201
111100221
111101121
111101211
11110122
111102021
111102111
11110212
111102201
111110121
111110211
11111022
111111021
111111111
11111112
111111201
111112011
11111202
111112101
30303
1020303
1030203
1030302
10020303
10030203
10030302
11010303
11020203
11020302
11030103
11030202
11030301
100020303
100030203
100030302
101010303
101020203
101020302
101030103
101030202
101030301
110010303
110020203
110020302
110030103
110030202
110030301
111000303
111010203
111010302
111020103
111020202
111020301
111030003
111030102
111030201
1110303
12
30141
120141
130041
130131
13014
210141
220041
220131
22014
23004
230121
23013
300141
310041
310131
31014
32004
320121
32013
330111
33012
3033
4032
12033
13023
13032
14022
14031
102033
103023
103032
104022
104031
111033
112023
112032
113022
113031
114021
3141
102141
103041
103131
10314
201141
202041
202131
20214
203031
20304
203121
20313
301041
301131
30114
302031
30204
302121
30213
303111
30312
1000143
1001043
1001133
1001142
2000043
2000133
2000142
2001033
2001042
2001123
2001132
2001141
3000042
3000123
3000132
3000141
3001023
3001032
3001041
3001113
3001122
3001131
204
213
312
402
1211211
1301211
1310211
1311201
131121
2111211
2201211
2210211
2211111
2211201
221121
2301111
2301201
2310111
2310201
231021
2311011
2311101
231111
23112
3011211
3101211
3110211
3111111
3111201
3201111
3201201
3210111
3210201
321021
3211011
3211101
321111
32112
3301011
3301101
3310011
3310101
331011
33102
3311001
331101
33111
2043
2133
2142
3042
3132
4041
4131
414
11214
21114
21204
21213
31104
31113
31203
31212
40014
40104
40113
40203
40212
41004
41013
41103
41112
41202
41211
400221
401121
401211
40122
1201221
1300221
1301121
130122
1400121
1400211
140022
1401021
140112
1401201
140121
10201221
10300221
10301121
10301211
10400121
10400211
1040022
10401021
10401111
1040112
10401201
1040121
11200221
11201121
11201211
1120122
11300121
11300211
1130022
11301021
11301111
1130112
11301201
1130121
11400021
11400111
1140012
11400201
1140021
11401011
1140102
11401101
1140111
21141
111141
121041
121131
12114
211041
211131
221031
22104
22113
1011141
1020141
1021041
1021131
102114
1101141
1110141
1111041
1111131
111114
1120041
1120131
112014
1121031
112104
1121121
1200141
1201041
1201131
120114
1210041
1210131
121014
1211031
121104
1211121
121113
1220031
122004
1220121
122013
1221021
122103
1221111
122112
204111
213111
214011
214101
21411
304011
304101
30411
312111
313011
313101
31311
314001
31401
402111
403011
403101
40311
404001
40401
412011
412101
413001
41301
243
1233
1242
2232
2241
10143
10233
10242
11043
11133
11142
11223
11232
11241
12042
12123
12132
12141
12222
12231
1002033
1003023
1003032
1101033
1102023
1102032
1103022
1103031
10002033
10003023
10003032
10101033
10102023
10102032
10103013
10103022
10103031
11001033
11002023
11002032
11003013
11003022
11003031
11100033
11101023
11101032
11102013
11102022
11102031
11103003
11103012
11103021
222
100122
100212
100221
1000122
1000212
1000221
1100022
1100112
1100121
1100211
110022
10000122
10000212
10000221
10100022
10100112
10100121
10100202
10100211
1010022
11000022
11000112
11000121
11000202
11000211
11100012
11100021
11100102
11100111
1110012
11100201
1110021
1230111
1320111
1330011
1330101
133011
2130111
2220111
2230011
2230101
223011
2320011
2320101
232011
2330001
233001
23301
3120111
3130011
3130101
3220011
3220101
322011
3230001
323001
32301
3320001
332001
33201
141
231
24
321
33
42
141000003
231000003
240000003
241000002
321000003
330000003
331000002
340000002
341000001
411000003
420000003
421000002
430000002
431000001
440000001
441
123
132
1023
1032
1122
1131
10023
10032
10113
10122
10131
11013
11022
11031
11112
11121
1021113
1030113
1031013
1031103
1031112
2011113
2020113
2021013
2021103
2021112
2030013
2030103
2031003
2031012
2031102
2031111
3010113
3011013
3011103
3011112
3020013
3020103
3021003
3021012
3021102
3021111
3030003
3031002
3031011
3031101
123003
132003
133002
1023003
1032003
1033002
1122003
1123002
1131003
1132002
1133001
10023003
10032003
10033002
10113003
10122003
10123002
10131003
10132002
10133001
11013003
11022003
11023002
11031003
11032002
11033001
11112003
11113002
11121003
11122002
11123001
11130003
11131002
11132001
120111
210111
220011
220101
22011
1020111
1110111
1120011
1120101
112011
1200111
1210011
1210101
121011
1220001
122001
12201
2010111
2020011
2020101
2100111
2110011
2110101
211011
2120001
212001
21201
2200011
2200101
2210001
221001
22101
210114
220014
220104
220113
1020114
1110114
1120014
1120104
1120113
1200114
1210014
1210104
1220004
1220013
1220103
1220112
2010114
2020014
2020104
2100114
2110014
2110104
2110113
2120004
2120013
2120103
2120112
2200014
2200104
2200113
2210004
2210013
2210103
2210112
2220003
2220012
2220102
3411
100002411
100003311
100003401
10000341
200001411
200002311
200002401
20000241
200003211
200003301
2000034
300000411
300001311
300001401
30000141
300002211
300002301
3000024
300003111
300003201
101133
110133
111123
111132
200133
201033
201123
201132
210033
210123
210132
211023
211032
300033
300123
300132
301023
301032
310023
310032
311031
12204
13104
13212
14004
14211
131211
140211
141201
14121
1031211
1040211
1041111
1041201
104121
1121211
1130211
1131111
1131201
113121
1140201
1141011
1141101
11412
10031211
10040211
10041111
10041201
1004121
10121211
10130211
10131111
10131201
1013121
10140111
10140201
1014021
10141011
10141101
101412
11021211
11030211
11031111
11031201
1103121
11040111
11040201
1104021
11041011
11041101
110412
11120211
11121111
11121201
11130111
11130201
1113021
11131011
11131101
11140011
11140101
111402
11141001
14100003
23100003
24000003
24100002
32100003
33000003
33100002
34000002
34100001
41100003
42000003
42100002
43000002
43100001
44000001
10011
10101
1011
100011
100101
110001
11001
1101
1000011
1000101
1010001
101001
1100001
10014
10104
110004
110013
110112
1000014
1000104
1000113
1010004
1010013
1010112
1100004
1100013
122211
100022211
100121211
100122111
100122201
200012211
200021211
200022111
200022201
200102211
200111211
200112111
200112201
20011221
200120211
200121111
200121201
20012121
200122011
200122101
2001222
300011211
300012111
300012201
300020211
300021111
300021201
300022011
300022101
300101211
300102111
300102201
30010221
300110211
300111111
300111201
30011121
300112011
300112101
300120111
300120201
30012021
300121011
300121101
3001212
300122001
12321
102321
112311
202221
202311
20232
212121
212211
21222
212301
21231
302211
302301
30231
312021
312201
31221
1002303
1003203
1003302
1011303
1012203
1012302
1013202
1013301
1101303
1102203
1102302
1103202
1103301
1111203
1111302
1112202
1112301
1113201
10002303
10003203
10003302
20002302
20003103
20003301
30002301
30003003
1014
1104
2004
101403
110403
200403
201303
201402
210303
210402
211203
211401
300303
300402
301203
301401
310203
310401
22203
23103
23202
32103
32202
121203
122202
123102
123201
130203
131103
131202
132102
132201
133101
1332
13221
1422
103221
104211
10422
113211
11421
1003221
1004211
100422
1013211
1014201
101421
1103211
1104201
110421
40221
41022
41121
120222
121122
121212
121221
130212
130221
131022
131112
13122
140202
141012
141021
141102
102
1221
101121
101211
200121
200211
20022
201021
20112
201201
20121
300021
30012
300201
30021
30102
102222
103122
103212
202122
202212
203112
203202
203211
20322
302112
302202
303102
303201
30321
10022103
10112103
10121103
10122102
20021103
20022003
20022102
20102103
20111103
20112003
20112102
20120103
20121003
20121102
20122002
20122101
30020103
30021003
30021102
30022002
30022101
30101103
30102003
30102102
30110103
30111003
30111102
30112002
30112101
30120003
30120102
30121002
30121101
30122001
1021203
1022103
1022202
10021203
10022202
11002203
11011203
11012103
11012202
11021103
11021202
11022102
11022201
100012203
100021203
100022103
100022202
101002203
101011203
101012103
101012202
101021103
101021202
101022003
101022102
101022201
110002203
110011203
110012103
110012202
110021103
110021202
110022003
110022102
110022201
111001203
111002103
111002202
111011103
111011202
111012003
111012102
111021003
111021102
111021201
111022002
111022101
12003
12102
20103
21003
21102
22002
101103
102003
102102
111003
111102
112002
112101
120003
120102
121002
121101
2121
2211
3201
1200303
1210203
1210302
2010303
2100303
2110203
2110302
2200203
2200302
2210202
2210301
10110303
10200303
10210203
10210302
11100303
11110203
11110302
11200203
11200302
11210103
11210202
11210301
12000303
12010203
12010302
12100203
12100302
12110103
12110202
12110301
12200103
12200202
12200301
12210003
12210102
12210201
1000233
1000323
1000332
2000223
2000232
2000313
2000331
3000213
3000231
3000303
3000003
4000002
12000003
13000002
14000001
102000003
103000002
104000001
111000003
112000002
113000001
20043
20133
20142
21033
21042
21123
30033
30042
30123
31023
31041
1041
10041
100041
100131
101031
110031
11004
110121
111021
111111
1020411
1030311
1030401
10020411
10030311
10030401
1003041
11010411
11020311
11020401
1102041
110304
100020411
100030311
100030401
10003041
101010411
101020311
101020401
10102041
101030211
1010304
110010411
110020311
110020401
11002041
110030211
1100304
111000411
111010311
111010401
11101041
111020211
1110204
111030111
300411
400311
400401
40041
1200411
1300401
1400301
140031
10200411
10300311
10300401
1030041
10400301
1040031
104004
11100411
11200311
11200401
11300301
1130031
113004
30003
31002
31101
40002
40101
41001
20241
40131
41031
1002213
1011213
1012212
2001213
2002113
2002203
2002212
2010213
2011203
2011212
2012013
2012103
2012112
2012202
2012211
3001203
3002013
3002103
3002112
3002202
3002211
3010203
3011202
3012003
3012012
3012102
3012111
3012201
101223
102123
102213
1001223
1002123
1002222
1100223
1101123
1101213
1102122
1102212
10001223
10002123
10100223
10101123
10101213
10102113
10102122
10102203
10102212
11000223
11001123
11001213
11002113
11002122
11002212
11100123
11100213
11101113
11101203
11102103
11102112
11102202
10341
10431
1044
100341
100431
10044
110241
110331
11034
1000341
1000431
100044
1010241
1010331
101034
1010421
101043
1100241
1100331
110034
1100421
110043
1110231
111024
1110321
1110411
111042
120303
130302
220203
220302
230103
230202
230301
320103
320202
320301
330003
330102
330201
400002
1200003
1300002
1400001
10200003
10300002
10400001
11100003
11200002
11300001
4000023
4000032
12000033
13000023
13000032
14000013
14000022
14000031
102000033
103000023
103000032
104000013
104000022
104000031
111000033
112000023
112000032
113000013
113000022
113000031
114000003
114000012
114000021
11400003
111300003
201300003
210300003
211200003
211300002
300300003
301200003
301300002
310200003
310300002
311100003
311200002
311300001
400200003
400300002
401100003
401200002
401300001
410100003
410200002
410300001
411100002
411200001
10004103
10013103
10014003
10014102
10103103
10104003
10104102
10113102
10114002
10114101
11003103
11004003
11004102
11013102
11014002
11014101
11103102
11104002
11104101
11111103
11112102
11113101
11114001
40023
40032
141000111
231000111
240000111
241000011
241000101
24100011
321000111
330000111
331000011
331000101
33100011
340000011
340000101
34000011
3410001
411000111
420000111
421000011
421000101
42100011
430000011
430000101
43000011
4310001
4400001
13131
1413
1021221
1031121
2011221
2021121
2021211
2031021
2031201
3011121
3021021
3021201
123111
132111
13311
1023111
1032111
1033011
1033101
103311
1122111
1123011
1123101
1132011
1132101
11331
10023111
10032111
10033011
10033101
1003311
10113111
10122111
10123011
10123101
1012311
10132011
10132101
101331
11013111
11022111
11023011
11023101
1102311
11032011
11032101
11103111
11113011
1111311
11122011
11122101
111231
20130003
21030003
21120003
21130002
30030003
30130002
31020003
31030002
31110003
31120002
31130001
40020003
40030002
40110003
40120002
40130001
41010003
41020002
41030001
41110002
41120001
100014111
100104111
100113111
100114011
100114101
10011411
200004111
200013111
200014011
200014101
20001411
200103111
200104011
200104101
20010411
200113011
200113101
20011311
200114001
300004011
300004101
30000411
300013011
300013101
30001311
300014001
300103011
300103101
30010311
300104001
300113001
10224
11124
20124
20223
21024
30024
2022
202203
202302
203103
203301
302103
303003
10212
10221
110211
1010121
1010211
101022
111012
20004
20013
10002411
10003311
10003401
20002311
20002401
2000241
200034
300024
212103
221103
222003
222102
312003
312102
321003
321102
322002
322101
402003
402102
412002
420003
420102
421002
421101
422001
101241
1001241
1011231
101124
1101231
110124
10001241
10010241
10011141
10011231
1001124
10100241
10101141
10101231
1010124
10110141
10110231
1011024
10111041
10111131
1011114
1011123
11000241
11001141
11001231
1100124
11010141
11010231
1101024
11011041
11011131
1101114
11100141
11100231
1110024
11101131
1110123
11110041
11110131
1111014
1111023
11111031
1111104
42003
43002
141003
142002
143001
1041003
1042002
1043001
1140003
1141002
1142001
10323
10332
20331
10022211
10122201
20021211
20022111
20022201
2002221
20102211
20111211
20112111
20112201
20120211
20121111
20121201
2012121
20122011
30020211
30021111
30021201
3002121
30022011
30101211
30102111
30102201
30110211
30111111
30111201
30112011
30120111
30120201
3012021
30121011
2013111
2022111
2023011
2023101
2032011
2032101
2033001
3013011
3013101
3022011
3022101
3023001
3032001
22311
1021311
1022211
1022301
102231
10012311
10021311
10022301
1002231
11002311
11011311
11012301
11021301
1102131
110223
100012311
100021311
100022301
10002231
101002311
101011311
101012301
101021211
101021301
10102131
101022111
1010223
110002311
110011311
110012301
110021211
110021301
11002131
110022111
111001311
111002301
111011301
111021111
1110213
111022011
13002
23001
32001
2322
2331
3231
3312
3321
423
4311
432
1001403
1010403
1011402
2000403
2001303
2001402
2010402
2011302
2011401
3000402
3001302
3001401
3010302
3010401
3011301
3000111
4000011
4000101
400011
12000111
13000011
13000101
1300011
140001
102000111
103000011
103000101
10300011
1040001
111000111
112000011
112000101
11200011
1130001
22212
32211
42012
42102
42111
42201
100041111
100131111
100140111
100141011
100141101
10014111
101031111
101040111
101041011
101041101
10104111
101121111
101130111
101131011
101131101
101140011
101140101
10114011
101141001
1011411
110031111
110040111
110041011
110041101
11004111
110121111
110130111
110131011
110131101
110140011
110140101
11014011
110141001
1101411
111031011
111031101
111040011
111040101
11104011
111041001
111120111
111121011
111121101
111130011
111130101
111131001
111140001
1111401
220122
220212
220221
230022
230112
230211
23022
320022
320112
320211
32022
330012
33021
11211
21111
31011
40011
21303
22302
31302
1203
1302
2202
2301
13041
1314
22041
22131
23031
2304
23121
2313
32031
32121
22023
22032
120411
130311
130401
140301
1404
1040301
10404
1120311
1120401
112041
1130301
11304
4000041
4000131
400014
12000141
13000041
13000131
1300014
1400004
14000121
102000141
103000041
103000131
10300014
10400004
104000121
10400013
111000141
112000041
112000131
11200014
11300004
113000121
11300013
114000111
11400012
111300111
201300111
210300111
211200111
211300011
211300101
21130011
300300111
301200111
301300011
301300101
30130011
310200111
310300011
310300101
31030011
311100111
311200011
311200101
31120011
3113001
400200111
400300011
400300101
40030011
401100111
401200011
401200101
40120011
4013001
410100111
410200011
410200101
41020011
4103001
411100011
411100101
41110011
4112001
324
1323
20100111
21000111
21100011
21100101
30000111
30100011
30100101
3010011
31000011
31000101
3100011
31100001
3110001
311001
40000011
40000101
40100001
4010001
401001
41000001
4100001
410001
10413
11313
100314
100404
100413
101214
101304
101313
110214
110313
111204
111213
1002
10002
1212
1311
1401
21300003
30300003
31200003
31300002
40200003
40300002
41200002
41300001
120300003
121200003
121300002
130200003
130300002
131100003
131200002
131300001
140100003
140200002
140300001
141100002
141200001
1341
1431
144
1134
10134
204003
213003
214002
304002
313002
403002
11100114
20100114
21000114
21100014
21100104
21100113
30000114
30100014
30100104
30100113
31000014
31000104
31000113
31100004
31100013
31100103
31100112
40000014
40000104
40000113
40100004
40100013
40100103
40100112
41000004
41000013
41000103
41000112
41100012
41100102
41100111
2400111
2401011
2401101
240111
2410011
2410101
241011
2411001
241101
24111
3400011
3400101
340011
3401001
340101
34011
341001
34101
2403
2412
3402
4401
2130003
3120003
3130002
4020003
4030002
4110003
4120002
4130001
12030003
12120003
12130002
13020003
13030002
13110003
13120002
13130001
14010003
14020002
14030001
14110002
14120001
20004111
20013111
20014011
20014101
2001411
20103111
20104011
20104101
2010411
20113011
20113101
2011311
20114001
30004011
30004101
3000411
30013011
30013101
3001311
30014001
30103011
30103101
3010311
30104001
30113001
221211
222111
222201
22221
321201
402201
410211
411201
420111
420201
42021
421011
121311
122301
1121301
112131
1122201
10102311
10111311
10112301
10120311
10121301
1012131
11101311
11102301
11110311
11111301
11120301
1112031
43011
43101
142011
142101
1042011
1042101
20403
21402
30402
40302
1240011
1240101
124011
2040111
2140011
2140101
2240001
224001
22401
10230111
10240011
10240101
1024011
11220111
11230011
11230101
11240001
1124001
112401
12030111
12040011
12040101
1204011
12120111
12130011
12130101
1213011
12140001
1214001
121401
12210111
12220011
12220101
1222011
12230001
1223001
12111
13011
13101
22122
23211
1003122
1003212
2002122
2003022
2003112
2003121
2003202
2003211
3002022
3003012
3003021
3003102
3003201
4000122
4000212
4000221
12000222
13000122
13000212
13000221
14000112
14000202
14000211
1400022
102000222
103000122
103000212
103000221
104000112
104000202
104000211
10400022
111000222
112000122
112000212
112000221
113000112
113000202
113000211
11300022
114000102
114000201
211101
1011111
1101111
1111011
1111101
1201011
1201101
1211001
10011111
10101111
10110111
10111011
10111101
10200111
10201011
10201101
10210011
10210101
1021011
10211001
1021101
11001111
11010111
11011011
11011101
11101011
11101101
11110011
11110101
11111001
11200101
11201001
11210001
1121001
21312
21321
2310003
2400003
2410002
3210003
3300003
3310002
3400002
4200003
4210002
4300002
100233
100323
100332
101232
110232
210411
220311
220401
1210311
1210401
1220211
1220301
122031
2020311
2020401
2100411
2110311
2110401
2120211
2120301
212031
2200401
2220201
222021
130011
130101
131001
14001
2111103
3101103
3110103
3111003
3111102
4001103
4010103
4011003
4011102
4100103
4101003
4101102
4110102
4111002
4111101
12011103
12101103
12111003
12111102
13001103
13010103
13011003
13011102
13100103
13101003
13101102
13110102
13111002
13111101
14000103
14001003
14001102
14010102
14011002
14011101
14100102
14101002
14101101
14110101
14111001
123012
202113
203013
212013
212112
213012
213102
221013
221112
222012
223002
223101
201001221
210001221
211000221
211001121
211001211
21100122
300001221
301000221
301001121
301001211
30100122
310000221
310001121
310001211
31000122
311000121
311000211
31100022
311001021
311001111
311001201
31100121
400000221
400001121
400001211
40000122
401000121
401000211
40100022
401001021
401001111
401001201
40100121
410000121
410000211
41000022
410001021
410001111
410001201
41000121
411000021
411000201
41100021
411001011
411001101
4110012
4011111
4101111
4110111
4111011
4200111
4201011
4201101
4210011
4210101
4211001
11211111
12111111
12201111
12211011
12211101
13011111
13101111
13110111
13111011
13200111
13201011
13201101
13210011
13210101
1321011
13211001
1321101
14001111
14010111
14011011
14100111
14101011
14110011
14200011
14200101
1420011
14201001
1420101
14210001
1421001
10401
100311
100401
1000311
1000401
1001331
1002321
2001231
2001321
2002131
200223
2002311
200232
3002031
300213
3002301
300231
1000314
1000404
1000413
1010214
1010313
1010412
1100214
1100313
1100403
1100412
1110312
1110402
21300111
30300111
31200111
31300011
31300101
40200111
40300011
40300101
4030011
41200011
41200101
4120011
120300111
121200111
121300011
121300101
130200111
130300011
130300101
13030011
131100111
131200011
131200101
13120011
1313001
140100111
140200011
140200101
14020011
1403001
141100011
141100101
1412001
3100101
310011
12100011
12100101
13100001
1310001
140103
231003
231102
240003
240102
241002
331002
340002
21001113
31001013
31001103
31001112
40001013
40001103
40001112
41001003
41001012
41001102
41001111
111001113
120001113
121000113
121001013
121001103
121001112
130000113
130001013
130001103
130001112
131000013
131000103
131000112
131001003
131001012
131001102
131001111
140000013
140000103
140000112
140001003
140001012
140001102
140001111
141000012
141000102
141001002
141001011
141001101
2004111
2014011
2014101
201411
2103111
2104011
2104101
2112111
2113011
2113101
2114001
3004011
3004101
3014001
3102111
3103011
3103101
3104001
3112011
3112101
100224
200124
200214
201024
201114
201204
201213
300204
301014
301104
130002
1020003
1030002
1120002
4000203
4000302
13000203
13000302
14000301
102000303
103000203
103000302
104000103
104000301
112000203
112000302
113000103
113000301
22200003
112200003
122100003
122200002
202200003
212100003
212200002
220200003
221100003
221200002
222000003
222100002
222200001
302100003
302200002
312000003
312100002
312200001
320100003
320200002
321100002
321200001
322000002
322100001
400023
400032
1200033
1300023
1300032
1400031
10200033
10300023
10300032
10400031
11200023
11200032
11300031
200331
201231
430011
430101
431001
440001
44001
2103003
3003003
3102003
3103002
4002003
4003002
4102002
12003003
12102003
12103002
13002003
13003002
13102002
13103001
14002002
14003001
14102001
1300101
2300001
230001
3200001
320001
204201
20421
213201
120011103
130010103
130011003
130011102
210011103
220001103
220010103
220011003
220011102
230000103
230001003
230001102
230010003
230010102
230011002
230011101
300011103
310001103
310010103
310011003
310011102
320000103
320001003
320001102
320010003
320010102
320011002
320011101
330000102
330001002
330001101
330010002
330010101
330011001
1231011
1231101
1241001
124101
12411
10221111
10231011
10231101
10241001
1024101
102411
11221011
11221101
11231001
1331001
2121111
2131011
2131101
2221011
2221101
2231001
2321001
232101
4001211
4010211
4011201
4100211
4101201
410121
4110201
411021
12011211
12101211
12110211
12111201
13001211
13010211
13011201
13100211
13101201
1310121
13110201
1311021
14001201
14010201
14100201
1410021
201030003
210030003
211020003
211030002
300030003
301020003
301030002
310020003
310030002
311010003
311020002
311030001
400020003
400030002
401010003
401020002
401030001
410010003
410020002
410030001
411010002
411020001
400203
400302
410202
410301
1300203
1300302
1310202
1310301
1400202
1410201
10201113
10300113
10301013
10301103
10301112
11200113
11201013
11201103
11201112
11300103
11300112
11301003
11301012
11301102
100201113
100300113
100301013
100301103
100301112
101101113
101200113
101201013
101201103
101201112
101300013
101300103
101300112
101301003
101301012
101301102
101301111
110101113
110200113
110201013
110201103
110201112
110300013
110300103
110300112
110301003
110301012
110301102
110301111
111100113
111101013
111101103
111101112
111200013
111200103
111200112
111201003
111201012
111201102
111201111
111300012
111300102
111301002
111301011
111301101
12001113
13000113
13001013
13001112
22000113
22001013
22001103
22001112
23000013
23000103
23000112
23001003
23001012
23001102
32000013
32000103
32000112
32001003
32001012
32001102
33000012
33000102
33001002
100143
101142
200043
200142
201042
300042
21001221
31000221
31001121
31001211
3100122
40000221
40001121
40001211
41000211
4100022
41001021
4100112
41001201
4100121
120001221
121000221
121001121
121001211
12100122
130000221
130001121
130001211
131000121
131000211
13100022
131001021
13100112
131001201
13100121
140000121
140000211
140001021
140001201
141000021
14100012
141000201
14100021
101004
101013
101112
20103003
21003003
21102003
21103002
30103002
31002003
31003002
31101003
31102002
31103001
40002003
40003002
40101003
40102002
40103001
41002002
41003001
41101002
41102001
1121103
2121003
2121102
3120102
3121002
3121101
4020102
4021002
4021101
4120101
4121001
1001232
1001322
1010232
1010322
1011132
1011312
1011321
1100232
1100322
1101132
1101312
1101321
1110132
1111032
20101221
20110221
20111121
2011122
21010221
21011121
21011211
2101122
21100221
21101121
21101211
2110122
21110121
21110211
2111022
21111021
21111111
2111112
21111201
2111121
30100221
30101121
30110121
3011022
30111021
31010121
31010211
3101022
31011021
31011111
3101112
31011201
3101121
31100211
3110022
31101021
31101111
3110112
31101201
3110121
31110021
31110111
3111012
31110201
3111021
31111011
31111101
130014
130104
130113
1030014
1030104
1130004
1130013
1130103
10020114
10030014
10030104
10030113
10110114
10120014
10120104
10120113
10130004
10130013
10130103
10130112
11010114
11020014
11020104
11020113
11030004
11030013
11030112
11110014
11110104
11110113
11120004
11120013
11120103
11120112
11130012
11130102
104001
113001
11301
102111003
103011003
103101003
103110003
103111002
104001003
104010003
104011002
104100003
104101002
104110002
104111001
111111003
112011003
112101003
112110003
112111002
113001003
113010003
113011002
113100003
113101002
113110002
113111001
114001002
114010002
114011001
114100002
114101001
114110001
20001
2001
1001103
1011003
1011102
2000103
2001003
2001102
2010003
2010102
2011002
2011101
3000102
3001002
3001101
3010002
3010101
3011001
12012
102012
1201203
1201302
1211202
1211301
10101303
10111203
10111302
10201203
10201302
10211103
10211202
10211301
11001303
11011302
11101302
11201202
11201301
11211003
11211102
11211201
131013
230013
231012
320013
321012
302013
312012
402012
2004201
200421
2013201
22200111
112200111
122100111
122200011
122200101
202200111
212100111
212200011
212200101
21220011
220200111
221100111
221200011
221200101
22120011
222000111
222100011
222100101
22210011
22220001
2222001
302100111
302200011
302200101
30220011
312000111
312100011
312100101
31210011
31220001
3122001
320100111
320200011
320200101
32020011
321100011
321100101
32110011
32120001
3212001
322000011
322000101
32200011
32210001
3221001
10310103
10311003
10311102
10400103
10401003
10401102
10410003
10410102
10411002
10411101
11310003
11310102
11311002
11311101
11400102
11401002
11410002
11410101
11411001
401301
201003
201012
201102
301002
120003003
130002003
130003002
210003003
220002003
220003002
230002002
230003001
300003003
310002003
310003002
320002002
320003001
330002001
1002111
1003011
1003101
2001111
2002011
2002101
2003001
200301
20031
3001011
3002001
1010133
1011033
2010033
2010123
2010132
2011023
2011032
2011131
3010023
3010032
3010131
3011031
100211103
100310103
100311003
100311102
200111103
200201103
200210103
200211003
200211102
200300103
200301003
200301102
200310003
200310102
200311002
200311101
300101103
300110103
300111003
300111102
300200103
300201003
300201102
300210003
300210102
300211002
300211101
300300102
300301002
300301101
300310002
300310101
300311001
20100141
21000141
21100041
21100131
30100041
30100131
3010014
31000041
31000131
3100014
31100031
3110004
3110013
40000041
40000131
4000014
40100031
4010004
4010013
41000031
4100004
4100013
4002111
4003011
4003101
4102011
4102101
12102111
12103011
12103101
13102011
13102101
131031
14002011
14002101
120011211
130010211
130011111
130011201
13001121
210011211
220001211
220010211
220011111
220011201
22001121
230000211
230001111
230001201
23000121
230010111
230010201
23001021
230011011
2300112
310010211
310011111
310011201
320000211
320001111
320001201
32000121
320010111
320010201
32001021
320011011
3200112
330000201
33000021
330001011
3300012
330010011
3300102
1203003
1212003
1213002
1302003
1303002
1312002
1402002
21021
102210003
111210003
112210002
201210003
202110003
202210002
210210003
211110003
211210002
212010003
212110002
212210001
301110003
301210002
302010003
302110002
302210001
310110003
310210002
311110002
311210001
312010002
312110001
21000303
22000203
22000302
23000202
23000301
31000203
31000302
32000202
32000301
33000201
10021113
10031013
10031103
10031112
20020113
20021013
20021112
20030013
20030103
20030112
20031003
20031012
20031102
20031111
30020013
30020112
30021012
30030012
30030102
30030111
30031002
30031011
30031101
201030111
210030111
211020111
211030011
211030101
21103011
300030111
301020111
301030011
301030101
310020111
310030011
310030101
311010111
311020011
311020101
31102011
3110301
400020111
400030011
400030101
40003011
401010111
401020011
401020101
40102011
4010301
410010111
410020011
410020101
41002011
4100301
411010011
411010101
41101011
101100003
110100003
111100002
200100003
201000003
201100002
210000003
210100002
211000002
211100001
300000003
300100002
301000002
301100001
310000002
310100001
311000001
100201221
100300221
100301121
100301211
10030122
101200221
101201121
101201211
10120122
101300121
101300211
10130022
101301021
101301201
10130121
110200221
110201121
110201211
11020122
110300121
110300211
11030022
110301021
110301201
11030121
111200121
111200211
11120022
111201021
111201201
11120121
111300021
111300201
11130021
221022
221202
1021122
1021212
1120212
1120221
1121022
1121112
1121202
112122
1200222
1201122
1201212
1210122
1210212
1210221
1211022
1220022
1220202
122022
1221012
1221102
1221201
122121
2013003
2112003
2113002
3013002
3112002
4012002
10200222
10300122
10300212
20100222
20200122
20200212
20200221
20300022
20300112
20300121
20300202
20300211
30100212
30200022
30200112
30200121
30200202
30200211
30300012
30300021
30300102
30300201
1221003
10221003
11220003
11221002
20211003
20220003
20221002
21021003
21111003
21121002
21201003
21210003
21211002
21220002
21221001
30201003
30210003
30211002
30220002
30221001
31011003
31021002
31111002
31121001
31201002
31210002
31211001
100001223
100002123
100002213
100002222
101000223
101001123
101001213
101001222
101002023
101002113
101002122
101002212
110000223
110001123
110001213
110001222
110002023
110002113
110002122
110002212
111000123
111000213
111001023
111001122
111001212
111002013
111002022
111002112
120030003
121020003
121030002
130020003
130030002
131010003
131020002
131030001
140010003
140020002
140030001
141010002
141020001
2121201
3120201
3121011
4020111
4020201
402021
4021011
10110003
11010003
11110002
20010003
20100003
20110002
21000003
21010002
21100002
21110001
30000003
30010002
30100002
30110001
31000002
31010001
101100033
110100033
111100023
111100032
200100033
201000033
201100023
201100032
210000033
210100023
210100032
211000023
211000032
211100013
211100022
211100031
300000033
300100023
300100032
301000023
301000032
301100013
301100022
301100031
310000023
310000032
310100013
310100022
310100031
311000013
311000022
311000031
311100012
311100021
13401
234
401202
102111111
103011111
103101111
103110111
103111011
103111101
10311111
104001111
104010111
104011011
104011101
104100111
104101011
104101101
10410111
104110011
104110101
10411011
112011111
112101111
112110111
112111011
112111101
113001111
113010111
113011011
113011101
113100111
113101011
113101101
11310111
113110011
113110101
11311011
114001011
114001101
114010011
114010101
114100011
114100101
11410011
200313
200412
1001211
1011201
2000211
2001201
2010201
2011011
3000201
1001214
1011204
2000214
2001114
2001204
2010204
2011014
2011104
3000114
3000204
3001014
3001104
3010104
3011004
11202
2101221
2110221
3100221
4001121
400122
4010121
401022
4011021
410022
4101021
4110021
1201311
1201401
10101411
10110411
10111401
10201311
10201401
10210311
10210401
10211211
11001411
11011401
11101401
11110401
11210211
200202
2002023
2002032
2003013
2003031
100203003
100302003
100303002
200103003
200202003
200203002
200302002
200303001
300102003
300103002
300202002
300203001
300302001
12402
20102121
20112021
30102021
12312
1203111
1212111
1213101
2202111
2203011
2203101
2212011
2212101
2213001
221301
10203111
10212111
10213011
10213101
11202111
11203011
11203101
11212011
11212101
11213001
12012111
12013011
12013101
12112011
12112101
12113001
12202011
12202101
12203001
12212001
120003111
130002111
130003011
130003101
13000311
210003111
220002111
220003011
220003101
22000311
230002011
230002101
23000211
2300031
310002111
310003011
310003101
31000311
320002011
320002101
32000211
3200031
3300021
131004
140004
140013
2010141
2010231
2011041
3010041
100211211
100310211
100311111
100311201
10031121
200201211
200210211
200211111
200211201
20021121
200300211
200301111
200301201
20030121
200310111
200310201
20031021
200311011
300200211
300201111
300201201
30020121
300210111
300210201
30021021
300211011
300300201
30030021
300301011
300310011
40010211
40011111
40011201
40100211
40101111
40101201
40110111
40110201
40111011
40111101
41010111
41010201
41011011
41011101
41100201
41101101
41110101
41111001
10001121
10001211
20000121
20000211
2000022
20001021
20001111
2000112
20001201
2000121
30000021
3000012
30000201
3000021
30001011
30001101
100011213
100012113
100012212
200001213
200002113
200002203
200002212
200010213
200011113
200011203
200011212
200012013
200012103
200012112
200012202
300000213
300001113
300001203
300001212
300002013
300002103
300002112
300002202
300010113
300010203
300010212
300011013
300011112
300011202
300012003
300012012
300012102
20020203
20020302
20030202
20030301
30020202
30020301
30030201
121302
1021302
1120203
1120302
131301
20201103
20210103
20211102
20300103
20301003
20301102
20310003
20310102
20311002
20311101
30200103
30201102
30210102
30211101
30301002
30301101
30310002
30310101
30311001
2100141
3100041
3100131
310014
4100031
410004
12100041
12100131
13100031
1310004
101202
101301
111201
101100111
110100111
111100011
111100101
200100111
201000111
201100011
201100101
20110011
210000111
210100011
210100101
21010011
211000011
211000101
2111001
300000111
300100011
300100101
30010011
301000011
301000101
310000011
310000101
3101001
101100114
110100114
111000114
111100014
111100104
200100114
201000114
201100014
201100104
201100113
210000114
210100014
210100104
210100113
211000014
211000104
211000113
211100004
211100103
211100112
300000114
300100014
300100104
300100113
301000014
301000104
301000113
301100004
301100103
301100112
310000014
310000104
310000113
310100004
310100103
310100112
311000004
311000103
311000112
311100102
1230003
1320003
1330002
10230003
10320003
10330002
11230002
11320002
11330001
100230003
100320003
100330002
101130003
101220003
101230002
101310003
101320002
101330001
110130003
110220003
110230002
110310003
110320002
110330001
111120003
111130002
111220002
111230001
111310002
111320001
4012011
4012101
10001331
10002321
11000331
11001321
1100133
100001331
100002231
100002321
101000331
101001231
101001321
10100133
101002131
10100232
110000331
110001231
110001321
11000133
110002131
11000232
111000231
111000321
111001131
11100132
111002031
21030111
31020111
31030101
40020111
40030101
41020101
120030111
121020111
121030011
121030101
130020111
130030011
130030101
131010111
131020011
131020101
140010111
140020011
140020101
141010011
141010101
40000002
1002114
1003014
1003104
2002014
2002104
2003004
2003103
3002004
1222002
2022003
2122002
2202003
2211003
2212002
2221002
3022002
3201003
3202002
3211002
3220002
101100141
110100141
111100041
111100131
200100141
201000141
201100041
201100131
20110014
210000141
210100041
210100131
21010014
211000041
211000131
21110004
211100121
21110013
300000141
300100041
300100131
30010014
301000041
301000131
30110004
301100121
30110013
310000041
310000131
31010004
310100121
31010013
31110012
4201002
4220001
134001
1041021
1131021
100110003
101010003
101110002
200010003
200110002
201010002
201110001
300010002
300110001
301010001
2001312
2010312
2010321
10212003
10222002
20202003
20212002
20222001
30202002
30212001
1222101
1302111
1312011
1312101
1322001
10222011
10222101
10302111
10312011
10312101
10320111
10321011
10321101
10322001
1032201
11222001
11302011
11302101
11312001
11320011
11320101
11321001
20100033
21000033
21100023
21100032
30100023
30100032
31000023
31000032
40000023
40000032
100000002
200000001
120033
121023
121032
130023
130032
1002141
1003131
2002041
200304
100203111
100302111
100303011
100303101
200202111
200203011
200203101
20020311
200302011
200302101
20030211
300202011
300202101
1300104
2300004
2300013
2300103
3100104
3100113
3200004
3200013
3200103
10011003
10101003
10111002
20001003
20011002
20101002
20111001
30001002
30011001
30101001
342
2421
100003113
100004013
100004103
100004112
200003013
200003103
200003112
200004003
200004012
200004102
300003012
300003102
300004002
132021
212202
2101113
2201013
2201103
2201112
12100113
12101013
12101112
12200013
12200112
12201003
12201012
12201102
20101113
20200113
20201013
20201112
21101013
21101103
21101112
21200013
21200103
21200112
21201012
21201102
21201111
22100013
22100103
22100112
22101003
22101012
22101102
22101111
22200012
22200102
22201002
22201011
22201101
10203003
10302003
10303002
20203002
20302002
20303001
30203001
30302001
3100203
3100302
3110202
4010202
4100202
10000002
20000001
100011321
10001232
200001321
200002221
200010321
200011221
200011311
20001132
200012121
200012301
20001231
300000321
300002121
300010221
300010311
30001032
300011121
300011301
30001131
300012021
1030131
103014
10020141
10030041
10030131
10120041
10120131
1012014
10130031
1013004
11020041
11020131
1102014
11030031
1103004
11120031
1112004
1021401
10310211
10311201
20201211
20210211
20211111
20211201
20301111
20301201
20310111
20310201
20311011
30201111
30201201
30210111
30210201
30211011
30301011
30310011
10000314
10000404
10000413
20000214
20000304
20000412
30000204
1001121
200022
2001021
2020203
2020302
2030301
3020301
101100222
110100222
111100122
111100212
200100222
201000222
201100122
201100212
201100221
210000222
210100122
210100212
210100221
211000122
211000212
211100202
211100211
21110022
300000222
300100122
300100212
300100221
301000122
301000212
301100202
301100211
30110022
310000122
310000212
310100202
310100211
31010022
311000202
311100201
10330011
10330101
100230111
100320111
100330011
100330101
101220111
101230011
101230101
101310111
101320011
101320101
110220111
110230011
110230101
110310111
110320011
110320101
111210111
111220011
111220101
111310011
111310101
1040013
1040103
1041012
1041102
1121013
1131012
1131102
10303011
10303101
20202111
20203011
20203101
20302011
20302101
30202011
30202101
11011113
11021013
11021112
11031012
11031102
100021113
100030113
100031013
100031103
100031112
101011113
101020113
101021013
101021112
101030013
101030112
101031003
101031012
101031102
110011113
110020113
110021013
110021112
110030013
110030112
110031003
110031012
110031102
111010113
111011013
111011112
111020013
111020112
111021012
111030012
111031002
100110111
101010111
101110011
101110101
200010111
200110011
200110101
20011011
201010011
201010101
20101011
300010011
300010101
100110114
101010114
101110014
101110104
101110113
200010114
200110014
200110104
200110113
201010014
201010104
201010113
201110004
201110013
201110103
201110112
300010014
300010104
300110004
300110013
300110112
301010004
301010013
301010103
301010112
301110012
301110102
301110111
12220002
22020003
22110003
22120002
22210002
32010003
32020002
32110002
32200002
2100033
2200023
2200032
2300022
3100023
3100032
3200022
100000011
100000101
10000011
2000001
100000014
100000104
100000113
200000004
200000013
200000103
200000112
300000012
300000102
2200221
2201121
2300121
2301021
3200121
3201021
2100222
2110212
3100212
4010022
4010112
1122102
2022102
2102103
2112102
2122101
3102102
100003221
100004121
100004211
10000422
200003121
200004021
200004201
20000421
300003021
2101311
2101401
2111301
3100401
3101301
12001221
12100221
12101121
12200121
12200211
12201021
12201201
20201121
21200121
21200211
2120022
21201021
21201201
2120121
22000221
22001211
2200122
22100121
22100211
2210022
22101021
22101201
2210121
22200021
22200201
2220021
400041
400131
401031
410031
1101003
1111002
2100003
2101002
2110002
3100002
100000041
100000131
10000014
200000031
20000004
200000121
20000013
300000021
30000012
100040103
100041003
100041102
200021103
200030103
200031003
200031102
200040003
200040102
200041002
200041101
300020103
300021003
300021102
300030102
300031002
300031101
300040002
300040101
300041001
100000044
100000134
100000143
200000034
200000043
200000124
200000133
200000142
300000024
300000042
300000123
300000132
10003113
10004013
10004112
20003013
20004003
20004012
20004102
30004002
112212
210213
1232001
1000002
10011321
20001321
20010321
20012301
202014
202104
211014
211104
212004
221004
2002302
2003301
2111013
2211012
2211102
10111113
10210113
10211013
10211112
11111013
11210013
11210112
11211012
12010113
12011013
12011112
12110013
12110112
12111012
12210012
12211002
2000304
2000412
400101
10300101
1030011
400104
10200114
10300104
10400112
11200104
10021221
10030221
11020221
11021121
11031021
100021221
100030221
100031121
100031211
101020221
101021121
101030121
101031021
10103112
101031201
10103121
110020221
110021121
110030121
110031021
11003112
110031201
11003121
111020121
111021021
111030021
1001013
1001112
1101012
1101102
10000113
10001013
10001103
10001112
10100013
10100103
10101012
10101102
11000013
11000103
11001003
11001012
11001102
11101002
21000222
21100212
31000212
31100202
40000212
40100202
41000202
1303011
1303101
2302011
2302101
2303001
3202011
3202101
3203001
3302001
103401
1300041
1300131
10200141
10300041
10300131
1040004
11200041
11200131
100110222
101010222
101110122
101110212
200010222
200110122
200110212
200110221
201010122
201010212
201010221
201110022
201110121
201110202
201110211
20111022
300010122
300110022
300110121
300110202
30011022
301010022
301010121
301010202
301010211
30101022
301110021
30111012
301110201
20220111
21120111
21210111
21220101
2122011
22020111
22110111
22120101
22210101
30220101
31120101
31210101
32010111
32020101
32100111
32110101
32200101
230004
310104
320004
210003
310002
1210002
2110041
2110131
3110031
311004
4010031
401004
1100043
1100142
1101042
10000143
10001043
10001133
10001142
10100043
10100142
10101042
10101132
11000043
11000142
11001042
11001132
11100042
100000122
100000212
100000221
200000022
200000202
200000211
20000022
300000201
20010111
20110101
21010101
2101011
30010101
310101
20010114
20110104
20110113
21010104
21010113
21110103
21110112
30010104
30110112
31010103
31010112
31110102
100002
200001
100023003
100032003
100033002
200013003
200022003
200023002
200032002
200033001
300013002
300022002
300023001
300032001
10000101
204012
204102
10000104
20000103
20000112
30000102
2230002
20230002
21230001
22030002
22130001
210201
101100411
110100411
111100311
111100401
200100411
201000411
201100311
201100401
20110041
210000411
210100311
210100401
21010041
211000311
211000401
211100301
21110031
2111004
300100311
300100401
30010041
301000311
301000401
301100301
30110031
310000311
310000401
310100301
31010031
3101004
311000301
20010141
20110131
21010131
2101014
30010131
3101013
100023
100032
200031
123000003
124000002
132000003
133000002
134000001
142000002
143000001
10001322
10010322
10011312
10100322
10101312
10101321
10110312
10110321
11000322
11001312
11010312
11010321
11100312
11100321
2021202
2022201
10000041
10000131
20000031
2000004
2000013
2023002
2123001
2203002
20100303
21100203
21100302
30100203
30100302
31100301
40000203
40000302
40100301
41000301
10000044
10000134
20000034
20000043
20000124
20000142
30000024
30000042
1002411
1003401
2002401
200241
20034
2211021
10210221
10211121
11210121
11211021
12010221
12011121
12110121
12111021
12210021
11121102
21011103
21020103
21021102
21111102
21120102
21121101
31011102
31020102
31021101
31101102
12300003
12400002
13200003
13300002
13400001
14200002
14300001
100110303
101100303
101110203
101110302
200010303
200100303
200110203
200110302
201000303
201010203
201010302
201100203
201100302
201110301
300000303
300010302
300100203
300100302
300110301
301000203
301000302
301010301
2102211
2112201
3102201
1101021
1101201
10101021
10101201
11001021
11001201
1110033
2110023
2110032
100000203
100000302
200000301
2121012
10011033
10110033
10111023
10111032
20001033
20010033
20011023
20011032
20101023
20101032
20110023
20110032
20111013
20111031
30001023
30010023
30010032
30011031
30101013
30101031
202023
202032
1011012
10000023
10000032
100000233
100000323
100000332
200000223
200000232
200000313
200000322
200000331
300000231
300000312
20010222
20110122
20110212
21010122
21010212
21110202
30010122
30110202
31010202
1310031
100023111
100032111
100033011
100033101
200023011
200023101
200031111
200032011
200032101
300031011
204021
20412
20000202
20130111
20230011
20230101
21130101
22030011
22030101
102300003
103200003
103300002
104200002
104300001
112300002
113200002
113300001
114200001
101211111
110211111
111211011
111211101
201111111
201201111
201210111
201211011
201211101
210111111
210201111
210210111
210211011
210211101
21021111
211011111
211101111
211110111
211111011
211111101
211201011
211201101
211210011
211210101
21121011
211211001
301011111
301101111
301111011
301111101
301201011
301201101
301210011
301210101
301211001
310101111
310110111
310111011
310111101
310201011
310201101
310210011
310210101
31021011
310211001
311011011
311011101
311101011
311101101
311110011
311110101
311111001
311201001
20013003
20023002
20032002
20033001
30013002
30023001
30032001
24000111
34000101
42000111
43000101
4300011
123000111
124000011
124000101
12400011
132000111
133000011
133000101
13300011
1340001
142000011
142000101
1430001
100134
10002141
10003131
20100411
21000411
21100311
21100401
30100311
30100401
31000401
40000311
40000401
2041011
2041101
2141001
3040011
3040101
3041001
3131001
3140001
430002
1420002
10420002
10430001
11420001
1240002
2040003
2140002
10140003
10240002
11040003
11140002
12040002
24003
24012
24102
34002
100110411
101110311
101110401
200010411
200110311
200110401
20011041
201010311
201010401
20101041
300010401
30001041
10020003
10030002
10120002
10130001
11020002
11030001
11120001
10100331
100011003
100101003
100111002
200001003
200011002
200101002
200111001
300001002
300011001
300101001
210102
211002
100000314
100000404
100000413
200000214
200000304
200000403
200000412
300000204
300000402
20110203
20110302
21010203
21010302
21110301
30110301
31010301
212022
2121021
3040002
4040001
400212
1300122
1300212
1310022
10000203
10000302
20000301
1020033
1030023
1030032
1120023
1120032
10020033
10030023
10030032
10120023
10120032
11010033
11020023
11020032
11110023
11110032
1012041
1013031
1011021
10010103
10011102
20001102
20010102
20011101
100000341
100000431
200000241
200000421
2000421
2012301
232002
4300101
12300111
13300101
102300111
103200111
103300011
103300101
104200011
104200101
10420011
112300011
112300101
113200011
113200101
20023011
20023101
20032011
20032101
4000113
4001013
4001112
14001012
102001113
103000113
103001013
103001103
103001112
104001012
104001102
112000113
112001013
112001103
112001112
113001012
113001102
231201
240201
24021
10004211
10013211
10014201
1001421
10103211
10104201
10113201
11003211
11004201
11013201
110142
11103201
21211011
21211101
31201011
31201101
40201011
40201101
40210011
40210101
40211001
41201001
41210001
22010211
22011111
22011201
22110201
22111011
22111101
102011211
102101211
102110211
102111201
112001211
112010211
112011201
112100211
112101201
112110201
120101211
120110211
120111111
120111201
121010211
121011111
121011201
121100211
121101111
121101201
121110111
121110201
121111011
121111101
122000211
122001111
122001201
122010111
122010201
122011011
122011101
122100201
122101011
122101101
122110011
122110101
122111001
30130101
40120101
100221111
101221011
101221101
200220111
200221011
200221101
201021111
201120111
201121011
201121101
201220011
201220101
201221001
300220011
300220101
300221001
301021011
301021101
301120011
301120101
301121001
301220001
100011111
100101111
100111011
100111101
200001111
200011011
200011101
200101011
200101101
300001011
300001101
100011114
100101114
100111014
100111104
100111113
200001114
200011014
200011104
200101014
200101104
200101113
200111004
200111013
200111112
300001014
300001104
300011004
300101004
300101013
300101112
300111012
2040201
2034
1030101
2030001
3020001
102011103
103010103
103011102
201011103
202001103
202010103
202011003
202011102
203000103
203001003
203001102
203010003
203010102
203011002
203011101
301001103
301011003
301011102
302000103
302001003
302001102
302010102
302011002
302011101
303000003
303000102
303001002
303001101
303010002
303010101
303011001
2102013
2102112
2112012
3102012
100011141
100101141
100110141
100111041
100111131
10011114
200001141
200010141
200011041
200011131
20001114
200101041
200101131
200110041
200110131
20011014
200111031
20011104
200111121
300001041
300001131
300010041
300010131
30001014
300011031
30001104
300101031
300101121
300110031
30011004
300111021
10000431
1000044
20300013
20301012
30101112
30200013
30201012
10010133
10011123
10011132
11010123
11010132
11011023
11011032
100001133
100010133
100011033
100011123
100011132
101000133
101001033
101001132
101010033
101010123
101010132
101011023
101011032
101011122
101011131
110000133
110001033
110001132
110010033
110010123
110010132
110011023
110011032
110011122
110011131
111000132
111001032
111010023
111010032
111010122
111010131
111011022
111011031
14001021
102001221
103001121
103001211
104001021
104001201
112001121
11200122
113001021
113001201
21102111
21103101
22102011
22102101
22103001
101103111
102003111
102102111
102103011
102103101
110103111
111003111
111103011
111103101
112002111
112003011
112003101
112102011
112102101
112103001
120102111
120103011
120103101
12010311
121002111
121003011
121003101
12100311
121102011
121102101
121103001
122002011
122002101
122003001
122102001
1130202
10020222
10030212
10120212
10120221
10130202
1013022
11020212
11120202
1112022
1001313
1001412
1101402
100011222
100101222
100111122
100111212
200001222
200011122
200101122
200101212
200101221
200111022
200111202
20011122
300001122
300011022
300101022
300101202
20221011
20221101
103002
202002
102003003
103002003
103003002
201003003
202002003
202003002
203002002
203003001
301002003
301003002
302002002
302003001
303002001
20101101
10101114
10111014
10111104
20101014
20101104
20111004
20111112
30101004
103010211
103011201
201011211
202001211
202010211
202011111
202011201
203000211
203001111
203001201
203010111
203010201
20301021
203011011
301011201
302000211
302001111
302001201
302010111
302010201
30201021
302011011
303000111
303000201
303001011
303010011
10001214
10010214
10011204
11000214
11001114
11001204
11010204
11010213
11011014
11011104
100001214
100010214
100011204
101000214
101001114
101001204
101010204
101010213
101011014
101011104
101011212
110000214
110001114
110001204
110010114
110010204
110010213
110011014
110011104
110011212
111000204
111001014
111001104
111010014
111010104
111010212
111011004
10300203
10300302
20200203
20200302
20300301
30200301
22010103
22011003
22011102
23010003
23010102
23011002
23011101
32010102
32011002
32011101
33010002
33010101
33011001
20001141
20011131
20101131
1021014
1021104
1121004
1201014
1201104
1211004
100001241
100010241
100011231
10001124
101000241
101001141
10100124
101010141
101010231
10101024
101011041
110000241
110001141
11000124
110010141
110010231
11001024
110011041
11100024
111001041
111010041
11101014
11101104
102402
120402
24201
102030003
103020003
103030002
104020002
104030001
112020003
112030002
113020002
113030001
114020001
2301003
2301012
2301102
3201012
3201102
3301002
10120203
10120302
10130301
2001012
100011303
100101303
100111203
100111302
200001303
200011302
200101203
200101302
200111301
300001302
300101301
10402002
10403001
11202003
11203002
11302002
11303001
11402001
101013111
101113011
101113101
102012111
102013011
102013101
102112011
102112101
102113001
110013111
110113011
110113101
111013011
111013101
111113001
112012011
112012101
112013001
112112001
1012023
1012032
102201
120201
12021
1022013
1022112
1122012
1202013
1202103
1202112
1212012
1212102
20001123
20010123
20010132
230100003
231100002
240100002
241100001
330100002
331100001
340100001
103002111
103003011
103003101
201003111
202002111
202003011
202003101
20200311
203002011
203002101
2030031
301002111
301003011
301003101
302002011
302002101
3020031
12100212
13100202
20101122
20101212
20111202
30101202
100001322
100010322
100011312
101000322
101001312
101010312
101010321
101011302
110000322
110001312
110010222
110010312
110010321
110011302
111000312
111001302
22002003
22003002
23002002
32002002
23110002
24010002
24110001
33110001
34010001
2310102
2311002
3210102
102312
120312
120321
23001201
23010111
23010201
23011011
32001201
32010201
32011011
33010011
20202
102042
102132
1022121
1122021
1202121
1202211
1212021
1212201
2300202
3200202
10112202
10121202
4030101
13020111
13030101
14020101
1402011
102030111
103020111
103030011
103030101
104020011
104020101
10402011
112020111
112030011
112030101
113020011
113020101
12100002
10120401
100122003
100212003
100221003
100222002
200112003
200121003
200122002
200212002
200220003
200221002
200222001
300112002
300120003
300121002
300212001
300220002
1012122
120204
120213
1020204
1020213
1101204
12100023
12100032
13100013
101400003
110400003
111400002
200400003
201400002
210400002
211400001
300400002
301400001
310400001
31102101
40002111
40003101
4000311
40102101
41002101
20101203
20101302
20111301
30101301
2030004
3020004
11000403
11001402
11010402
100001403
100010403
100011402
101000403
101001303
101001402
101010402
101011401
110000403
110001303
110001402
110010402
110011401
111000402
111001401
20021202
230100111
231100011
231100101
23110011
240100011
240100101
24010011
330100011
330100101
2302002
102021
20040003
20140002
21040002
21140001
30040002
30140001
31040001
120231
12024
10410201
11310201
121110003
130110003
131110002
220110003
221010003
221110002
230110002
231010002
231110001
320110002
321010002
321110001
330110001
331010001
120000003
130000002
220000002
230000001
320000001
22111002
23101002
23111001
32101002
32111001
33101001
20020221
20031201
120123
120132
1020123
1020132
1021023
1021032
22000002
23000001
32000001
100212111
100222011
100222101
200212011
200212101
120000033
130000023
130000032
220000023
220000032
230000013
230000022
230000031
320000013
320000022
320000031
330000012
330000021
2020023
2020032
1031202
1032102
101400111
110400111
111400011
111400101
200400111
201400011
201400101
20140011
210400011
210400101
21040011
300400011
300400101
30040011
20101311
20101401
20110311
20110401
100112103
100121103
100122102
101102103
101111103
101112003
101112102
101120103
101121003
101121102
101122002
101122101
110102103
110111103
110112003
110112102
110120103
110121003
110121102
110122002
110122101
111102003
111102102
111110103
111111102
111112002
111120102
111121002
111122001
201001113
201101013
201101103
201101112
210001113
210101013
210101103
210101112
211001013
211001103
211001112
211101003
211101012
211101102
301001013
301001112
301101003
301101012
301101102
310001013
310001112
310101003
310101012
310101102
311001003
311001012
311001102
311101002
20400003
21400002
30400002
31400001
40400001
2004003
2004012
2004102
3004002
10110213
10112013
10112112
11012013
11012112
11112012
100410003
101410002
200410002
201310002
201410001
300410001
301310001
1040202
130110111
131110011
131110101
220110111
221010111
221110011
221110101
230110011
230110101
231010011
231010101
23101011
320110011
320110101
321010011
321010101
32101011
1000023
1000032
2000031
100200003
100300002
200200002
200300001
300200001
10041003
10141002
20041002
20131002
20141001
30041001
30131001
120000111
130000011
130000101
220000011
220000101
22000011
120000114
130000014
130000104
220000014
220000104
220000113
230000004
230000112
320000004
320000112
20020002
20030001
30020001
100200033
100300023
100300032
200200023
200200032
200300013
200300022
200300031
300200013
300200022
300200031
300300012
300300021
124002
1023102
1024002
20001312
2401002
120000141
130000041
130000131
13000014
220000041
220000131
22000014
23000004
230000121
32000004
320000121
103104
203004
302004
20212011
20212101
4000104
101120211
101121201
101122011
110120211
110121201
110122011
111120201
220023
220032
201101121
201101211
210101121
210101211
211101021
211101201
301101021
301101201
310101021
310101201
10100403
10101402
10110402
11100402
20400111
21400011
21400101
30400011
30400101
31101012
40101012
40101102
2004021
100410111
101410011
101410101
200410011
200410101
20041011
201310011
201310101
20131011
101111013
101111112
201011013
201011112
201111003
201111012
201111102
301011012
301111002
1000041
1000131
100200111
100300011
100300101
10030011
200200011
200200101
20020011
100200114
100300014
100300104
200200014
200200104
200200113
200300004
200300112
300200004
300200112
20410002
21310002
21410001
30410001
31310001
100001013
100001103
100001112
200001012
200001102
120000222
130000122
130000212
220000122
220000212
220000221
230000202
23000022
320000202
32000022
20200002
20300001
30200001
100200141
100300041
100300131
200200041
200200131
20020014
20030004
200300121
30020004
300200121
2041002
2131002
1023201
100001043
100001142
200001033
200001042
200001123
200001132
300001023
300001032
2020002
101004111
101014011
101014101
101104011
101104101
101114001
110004111
110014011
110014101
110104011
110104101
110114001
111004011
111004101
111014001
111104001
20200023
20200032
20300031
30200031
21012
200130003
201120003
201130002
210120003
210130002
211120002
211130001
300130002
301120002
301130001
310120002
310130001
311120001
10401012
2000202
40101021
2032002
2200002
20113002
21012003
21013002
21112002
21113001
31012002
31013001
31112001
120000303
130000203
130000302
210000303
220000203
220000302
230000301
310000203
310000302
320000301
201011121
201111021
201111201
301011021
100200222
100300122
100300212
200200122
200200212
200200221
200300202
20030022
300200202
30020022
20410011
20410101
21310011
21310101
100001121
100001211
200001021
200001201
2101101
21011013
21011112
21111012
31011012
22000023
22000032
23000031
32000031
20200011
20200101
20200014
20200104
20300004
30200004
20001012
2101104
202401
20200041
20200131
2000301
123021
213021
20001042
2013102
2014002
200130111
201130011
201130101
210120111
210130011
210130101
21013011
211120011
211120101
21112011
300130011
300130101
310120011
310120101
31012011
1002003
1003002
2002002
100200303
100300203
100300302
200200203
200200302
200300301
300200301
120111003
130101003
130111002
210111003
220101003
220111002
230101002
230111001
310111002
320101002
320111001
330101001
211010103
211011003
211011102
311010102
311011002
400001103
400010103
400011003
400011102
401000103
401001003
401001102
401010102
401011002
401011101
410000103
410001003
410001102
410010102
410011002
410011101
411000102
411001002
411011001
100140003
101040003
101140002
200140002
201040002
201140001
300140001
301040001
20020023
20020032
20030031
30020031
100020003
100030002
200020002
200030001
300020001
100001232
200001231
200001312
1010043
1010142
1011042
1110042
10000224
20001024
20001204
10002003
10003002
20002002
20003001
30002001
100020033
100030023
100030032
200010033
200020023
200020032
200030013
200030022
200030031
300010023
300010032
300020013
300020022
300020031
300030012
300030021
12400101
1204101
2101023
2101032
2111031
3101031
100401003
100411002
200401002
200411001
300401001
23200002
33200001
123100002
123200001
132100002
132200001
133100001
100001313
100001412
200001402
130101111
130111011
130111101
220101111
220111011
220111101
230101011
230101101
320101011
320101101
211010211
211011201
311010201
400010211
400011111
400011201
401010201
401011011
410010201
410011011
1320201
200040111
200140011
200140101
201040011
201040101
300040011
2320002
12310002
12320001
13210002
13220001
13310001
40010103
40011003
40011102
41010102
41011002
121010103
121011003
121011102
131010102
131011002
131011101
140010102
140011002
140011101
141011001
100020114
100030014
100030104
200020014
200020104
200020113
200030004
200030112
300020004
300020112
122010003
122020002
122030001
202020003
202030002
212020002
212030001
220020003
220030002
221020002
221030001
222010002
222020001
10420101
4101012
13101012
2101203
2101302
2111202
3101202
100020141
100030041
100030131
10003014
200020041
200020131
20002014
20003004
200030121
30002004
300020121
2104002
132012
2101041
2101131
1012011
1012101
1013001
1102011
1102101
1103001
1112001
211002111
211003011
211003101
311002011
311002101
311003001
400002111
400003011
400003101
401002011
401002101
401003001
410002011
410002101
410003001
411002001
10121013
10121112
10131012
10131102
11121012
10010211
10011201
20010201
23100111
23200011
23200101
33100101
123100011
123100101
12310011
132100011
132100101
100102113
100112013
100112112
200102013
200102103
200102112
200112012
200112102
300102012
300102102
111003003
121002003
121003002
131002002
131003001
140002002
140003001
141002001
101210103
101211003
101211102
101310102
101311002
101311101
110210103
110211003
110211102
110310102
110311002
110311101
111210102
111211002
111311001
1012104
1102104
10001313
10001412
131010201
13101021
131011011
140010201
140011011
20010204
100020222
100030122
100030212
200020122
200020212
200020221
200030202
200030211
300020202
300030201
20040111
20140101
21040101
30040101
220002
13100301
2101212
10020111
10030101
20020101
1000134
2000124
20020104
203100003
204000003
204100002
213000003
213100002
214000002
214100001
303100002
304000002
304100001
313000002
313100001
314000001
210231
10400202
11200212
11300202
20020041
20020131
22100022
22100031
102100023
102100032
112100013
112100022
112100031
120100023
120100032
121000023
121000032
121100013
121100022
121100031
122000013
122000022
122000031
122100012
122100021
10121121
10131021
11121021
101103003
101202003
101203002
101302002
101303001
110103003
110202003
110203002
110302002
110303001
111103002
111202002
111203001
111302001
200102121
200112021
300102021
200020203
200020302
200030301
300020301
1102002
10102002
10103001
11002002
11003001
11102001
131002011
131002101
140002011
140002101
101210211
101211201
101310201
101311011
110210211
110211201
110310201
110311011
111210201
12020211
12021111
12021201
12120201
12121011
12121101
102020211
102021111
102021201
10202121
102120111
102120201
10212021
102121011
102121101
112020201
11202021
112021011
112021101
112120011
112120101
112121001
20102013
20102112
20112012
30102012
101012013
101012112
110012013
110012112
111012012
1020312
1020321
20002023
20002032
20003031
30002031
1031301
21210102
22110102
22211001
1230201
2120202
2200212
20020122
20020212
203100111
204000111
204100011
204100101
213000111
213100011
213100101
214000011
214000101
303100011
303100101
304000011
304000101
313000011
313000101
12000114
12100014
12100104
22000104
22100004
102000114
102100014
102100104
102100113
112000014
112000104
112100004
112100103
112100112
120100014
120100104
120100113
121000014
121000104
121100004
121100103
121100112
122000004
122000103
122000112
122100102
2130201
12301002
12311001
21301002
21311001
22300002
22301001
22310001
1000224
2001024
10201122
10201212
10210122
10210212
10211022
11201022
11210022
10202211
10212201
11202201
10220211
10221201
11220201
22000041
22000131
102100041
102100131
10210014
11210004
112100121
120100041
120100131
12010014
121000041
121000131
12110004
121100121
12200004
122000121
12010122
12010212
12110022
12200022
12221001
203110002
204010002
204110001
303110001
304010001
12301011
12301101
12310101
200021202
200022102
2040102
21200022
21200202
22000122
22000212
22100202
202000002
203000001
302000001
101202111
101203011
101203101
101302011
101302101
110202111
110203011
110203101
110302011
110302101
111202011
111202101
21301011
21301101
22300011
22300101
100131003
100141002
200131002
200141001
300131001
11000031
101000031
10100004
101000121
110000031
11000004
110000121
111000021
20401002
20411001
30401001
402000111
403000011
403000101
404000001
412000011
412000101
413000001
1204002
10204002
10213002
10214001
11204001
11212002
202000023
202000032
203000013
203000022
203000031
302000013
302000022
302000031
303000012
303000021
10204011
10204101
12010011
12010101
12110001
12200001
102210111
112210011
112210101
202110111
202210011
202210101
212010111
212110011
212110101
302110011
302110101
312010011
312010101
20013102
20014002
13120101
102220011
102220101
103120011
103120101
103210011
103210101
103220001
112220001
113120001
113210001
102100122
102100212
102100221
112100202
120100122
120100212
120100221
121000122
121000212
121100202
122000202
121101003
121111002
122001003
122011002
122101002
122110002
202101003
202111002
211111002
212001003
212011002
212101002
212111001
221001003
221011002
221101002
221111001
222001002
222011001
222101001
222110001
1402101
10402101
23110101
23210001
120210111
121210011
121210101
122210001
123010011
123010101
123110001
24100101
42100101
202000122
202000212
202000221
212000022
212000112
212000121
212000202
212000211
221000022
221000112
221000121
221000202
221000211
222000012
222000021
222000102
222000201
122001021
202001121
212001021
212001111
212001201
220001121
221001021
221001111
221001201
222001011
222001101
100013103
100014003
100014102
200013102
200014002
212010201
212011011
212011101
221010201
221011011
221011101
222010011
222010101
20010231
203110011
203110101
204010011
204010101
20401011
202101111
202111011
202111101
212101011
212101101
221101011
221101101
21210201
12010104
102010014
102010104
102010113
102110004
102110013
102110103
102110112
110110014
110110104
110110113
111110004
111110013
111110112
112010004
112010013
112010103
112010112
112110012
112110102
1210023
1210032
213010011
213010101
213110001
223000011
223000101
223010001
223100001
200020311
200021301
20002131
232000011
232000101
232100001
233000001
23300001
202000011
202000101
24010101
200041011
200131011
200131101
101212002
101221002
101222001
110212002
110221002
110222001
111212001
111221001
20020401
202000041
202000131
203000121
302000121
10040103
10041102
11040102
11041002
101040102
101041002
110040003
110040102
110041002
111040002
122300001
202300002
212300001
220300002
221300001
1020201
104002002
104003001
112002003
112003002
113002002
113003001
114002001
230200002
230300001
320300001
330200001
10104012
11004012
21200301
22100301
21200001
22000101
22100001
101000022
101000112
101000202
101000211
110000022
110000112
110000202
110000211
111000012
111000102
111000201
101001021
101001111
101001201
110001021
110001111
110001201
111001011
111001101
12202002
21202002
21203001
22102002
22202001
11010201
100010211
100011201
101010201
101011011
101011101
110010111
110010201
110011011
110011101
111010011
111010101
111011001
23020002
23030001
32030001
33020001
101101011
101101101
101111001
110101011
110101101
110110011
110110101
110111001
111101001
111110001
10110201
100013211
100014201
10001421
200013201
20021301
102010011
102010101
102100011
102100101
102110001
112010001
112100001
120100011
120100101
121000011
121000101
121100001
122000001
102010122
102010212
102010221
102110022
102110121
102110202
110110122
110110212
111110022
111110202
112010022
112010121
112010202
112110021
212000001
221000001
203000112
203000202
302000112
302000202
20041101
20131101
11000001
101000001
10100001
110000001
100040211
100041201
10004121
101040201
10104021
110040201
11004021
10110102
11010102
11011002
220300011
220300101
230200011
230200101
23020011
20320011
20320101
20330001
30230001
30320001
102024
102204
220001013
220001112
230001012
320001012
10110123
10110132
102010203
102010302
102100203
102100302
102110301
110100303
110110203
110110302
111100203
111100302
111110301
112010301
112100301
10210002
12010002
1230102
1231002
1321002
21202011
21202101
42010011
42010101
42110001
42200001
10100214
10101204
11100204
202000203
202000302
203000301
302000301
10201014
10201104
10210104
10211004
11111004
11201004
10202013
10202103
10202112
10212012
10212102
11202012
11202102
13000104
10312002
10321002
10220103
10221102
11220102
12020103
12021003
12021102
12120102
12121002
21200004
100000224
100001124
101000124
101001024
110000124
110001024
111000024
20004201
20013201
4011012
12012003
12013002
12112002
11000313
101000232
101000313
110000232
110000313
102020103
102021003
102021102
102101103
102111102
102120003
102120102
102121002
112011102
112020102
112021002
112101102
112120002
102201003
102211002
102220002
102221001
112201002
112211001
103120002
103210002
120101103
120110103
120111102
121101102
121110102
122001102
122010102
120201003
120210003
120211002
121201002
121210002
121211001
122201001
123010002
202000014
202000104
202000113
212000004
212000013
212000103
221000004
221000013
221000103
122001012
202001013
202001112
212001012
212001102
221001012
221001102
212010102
221010102
102201111
102211011
102211101
112201011
112201101
120201111
120211011
120211101
121201011
121201101
213010002
223000002
232000002
2200041
2200131
10110204
100002033
100003023
100003032
101002032
101003013
101003022
101003031
110002032
110003013
110003022
110003031
111003012
111003021
201021003
201121002
201201003
201211002
201220002
301021002
301201002
1021002
1201002
200201013
200201112
200301012
300201012
13201002
10201002
2130102
101000004
101000013
101000103
110000004
110000013
110000103
101001003
101001012
101001102
110001003
110001012
110001102
111001002
100010103
100011102
101010102
101011002
110010003
110010102
110011002
111010002
101101002
110101002
110110002
230001021
320001021
102010002
102100002
120100002
121000002
12000411
12010401
12100401
102000411
102010311
102010401
10201041
102100311
102100401
10210041
10211031
110110311
110110401
112000311
112000401
11201031
11210031
1020102
10231002
1020231
103000311
103000401
202000311
202000401
11000304
11000412
101000304
101000412
110000304
110000412
2020041
2020131
2120031
2210031
10201131
10210131
12010041
12010131
12110031
12200031
1100034
11000421
10100034
101000421
11000034
110000421
10002111
10003011
10003101
10102011
10102101
11002011
11002101
131000022
131000202
140000022
140000202
101110041
101110131
102010041
102010131
102110031
110110041
110110131
111110031
112010031
212000031
221000031
12010023
12010032
100110033
101110023
101110032
102010023
102010032
110110023
110110032
1010031
1100031
200201121
200301021
300201021
1012002
200002023
200002122
300002022
230020002
230030001
320020002
320030001
330020001
110221011
110221101
203101011
203101101
203111001
302101011
302101101
302111001
303101001
101101014
101101104
101111004
110101014
110101104
110111004
110111013
110111112
111101004
111111012
10102302
10103202
10103301
11002302
11003202
11003301
1010034
1201023
1201032
10201023
10201032
10210023
10210032
104010102
113010102
101000034
101000043
101000142
110000034
110000043
110000142
111000042
101101041
101101131
101111031
110101041
110101131
110111031
111101031
21012111
21013101
21112101
31012101
100101033
100111023
100111032
101101023
101101032
101111022
110101023
110101032
110111022
111101022
100000023
100000032
10100421
20200401
22000401
40111002
131101002
131111001
140101002
140110002
140111001
141101001
141110001
200230002
200320002
200330001
300230001
300320001
120000411
120100311
120100401
121000311
121000401
121100301
122000301
200002131
300002031
212000301
21200031
220000311
220000401
221000301
220020111
220030011
220030101
230020011
230020101
320020011
320020101
402000003
402100002
412000002
412100001
420100002
421100001
422000001
10100031
10000311
10000401
10100301
11000301
101101122
101101212
101111202
110101122
110101212
110111202
111101202
100000311
100000401
101000301
110000301
40210002
42010002
23101101
32101101
104010201
113010201
10100304
10100313
10100412
101001411
110001411
120100203
120100302
121000203
121000302
211000203
211000302
1020402
200230011
200230101
200320011
200320101
20002011
20002101
101101203
101101302
101111301
110101203
110101302
110111301
111101301
200021013
200021112
200031012
300021012
400101003
400110003
400111002
401101002
401110002
401111001
410101002
410110002
410111001
411101001
411110001
402100011
402100101
420100011
420100101
20320002
100003122
100003212
101003112
101003121
101003202
101003211
110003112
110003121
110003202
110003211
111003102
111003201
1000422
101004021
101004201
110004021
110004201
101013201
110013201
212002011
212002101
212003001
221002011
221002101
221003001
222002001
10002114
10003104
20002104
104002011
104002101
113002011
113002101
402010002
402110001
412010001
100002111
100003011
100003101
101002011
101002101
101003001
110002011
110002101
110003001
111002001
10102014
10102104
10103004
11002014
11002104
11003004
11102004
400000002
401000001
410000001
100002114
100003014
100003104
101002014
101002104
101003004
101003103
110002014
110002104
110003004
110003103
111002004
101004003
101004012
101004102
110004003
110004012
110004102
111004002
101013003
101013102
101014002
110013003
110013102
110014002
111013002
100104003
100113003
100114002
101104002
101113002
110104002
110113002
102012003
102013002
102102003
102103002
102112002
112012002
112102002
210204
120102003
120103002
121102002
122002002
40201002
211002003
211003002
212002002
221002002
100002003
100003002
101002002
110002002
400000023
400000032
401000013
401000022
401000031
410000013
410000022
410000031
411000012
100002141
100003041
100003131
101002041
110002041
20040102
100011411
100101411
100111311
100111401
101101311
101101401
110101311
110101401
200021121
200031021
200031201
300021021
101200203
101200302
101300202
101300301
110200203
110200302
110300202
110300301
111200202
111200301
1012401
1102401
10102401
11002401
22400001
102400002
112400001
120400002
121400001
101002401
101003301
110002401
110003301
100002303
100003203
100003302
101002302
110002302
2102121
2112021
3102021
130000311
130000401
400000011
400000101
400000014
400000104
400000113
401000004
401000112
410000004
410000112
132010002
132110001
142010001
142100001
4000401
21020211
21021201
21120201
31020201
131000001
140000001
20010312
200104002
200113002
400000041
400000131
13000401
100200411
100300311
100300401
200200311
200200401
101212011
101212101
110212011
110212101
131000031
140000031
101131002
110131002
110140002
122020011
122020101
202020111
202030011
202030101
212020011
212020101
221020011
221020101
102400011
102400101
120400011
120400101
102101013
102101112
112101012
120101013
120101112
121101012
100020111
100030011
100030101
200020011
200020101
10120011
10120101
11020011
11020101
101020011
101020101
101030001
110020011
110020101
110030001
111020001
20104002
12410001
102310002
102410001
110410002
111410001
112310001
100401111
100411011
100411101
200401011
200401101
400000122
400000212
401000202
410000202
132010011
132010101
140110011
140110101
203200002
203300001
302300001
303200001
400001013
400001112
401001012
410001012
131000004
140000004
311002002
400002003
400003002
401002002
410002002
101020002
110020002
210110103
210111102
211110102
310110102
101200023
101200032
101300022
101300031
110200023
110200032
110300022
110300031
111200022
111200031
13100004
14000004
20401101
32300001
102101121
112101021
120101121
121101021
2021301
400000203
400000302
401000301
410000301
200020401
20002041
102310011
102310101
110410011
110410101
101023011
101023101
101032011
101032101
101033001
110023011
110023101
110032011
110032101
110033001
111023001
111032001
102011013
102011112
102111012
112011012
101023002
101032002
110023002
110032002
202300011
202300101
203200011
203200101
101200014
101200104
101300004
110200014
110200104
110300004
111200004
203001012
302001012
201102003
201103002
210102003
210103002
211102002
211103001
301102002
301103001
310102002
310103001
311102001
210201003
210211002
211201002
310201002
403000002
103000014
103000104
203000004
302000004
210110211
210111201
211110201
310110201
101200041
101200131
110200041
110200131
101001042
110001042
101401011
101401101
101411001
110401011
110401101
110411001
111401001
40110102
21010311
21010401
200120103
200121102
201020103
201021102
201120102
300120102
301020102
104000004
113000004
102130002
112130001
120120003
120130002
121120002
121130001
122120001
400000311
400000401
1320102
200010102
21010023
21010032
101200011
101200101
101300001
110200011
110200101
110300001
111200001
131000301
140000301
102011121
102111021
112011021
200010123
200010132
200011023
200011032
101200122
101200212
110200122
110200212
201010041
201010131
201110031
301010031
203001021
302001021
201102111
201103011
201103101
210102111
210103011
210103101
211102011
211102101
301102011
301102101
310102011
310102101
101401002
110401002
202120002
202220001
302020002
302120001
101200002
110200002
200001024
200001204
10140102
201012003
201013002
201112002
201113001
301012002
301013001
301112001
200110023
200110032
201010023
201010032
201020211
201021201
201120201
301020201
102130011
102130101
120120111
120130011
120130101
121120011
121120101
400101111
400110111
400111011
400111101
401101011
401101101
401110011
401110101
410101011
410101101
410110011
410110101
200010201
101200311
101200401
110200311
110200401
200010204
202120011
202120101
302020011
302020101
200002032
200003022
200003031
203101002
302101002
102040002
102140001
112040001
200010231
203020002
203030001
302030001
303020001
210100203
210100302
101020023
101020032
101030022
101030031
110020023
110020032
110030022
110030031
111020022
111020031
201012111
201013011
201013101
201112011
201112101
301012011
301012101
200040201
20004021
200002011
200002101
200003001
300002001
200002014
200002104
200003004
300002004
200010312
200002041
131101011
131101101
140101011
140101101
102040011
102040101
20040201
203020011
203020101
101020014
101020104
101030004
110020014
110020104
110030004
111020004
200101023
200101032
101020041
101020131
110020041
110020131
200010402
200011401
200003202
402010011
402010101
323000001
332000001
101102013
101102112
101112012
110102013
110102112
110112012
111102012
101020122
101020212
110020122
110020212
200101311
200101401
23020101
200002302
200002002