33
100023
100032
200013
200022
200031
300003
300012
300021
30003
123
132
213
222
231
303
312
321
3033
12033
13023
13032
21033
22023
22032
23013
23022
23031
30033
31023
31032
32013
32022
32031
33003
33012
33021
3303
333
1233
1323
1332
2133
2223
2232
2313
2322
2331
3123
3132
3213
3222
3231
3312
3321
1203
1302
2103
2202
2301
3003
3102
3201
3
1002
2001
1000233
1000323
1000332
2000133
2000223
2000232
2000313
2000322
2000331
3000033
3000123
3000132
3000213
3000222
3000231
3000303
3000312
3000321
300033
102003
103002
201003
202002
203001
301002
302001
100203
100302
200103
200202
200301
300102
300201
12
21
1020033
1030023
1030032
2010033
2020023
2020032
2030013
2030022
2030031
3010023
3010032
3020013
3020022
3020031
3030003
3030012
3030021
303003
120003
130002
210003
220002
230001
310002
320001
12303
13203
13302
21303
22203
22302
23103
23202
23301
30303
31203
31302
32103
32202
32301
33102
33201
102
201
1002033
1003023
1003032
2001033
2002023
2002032
2003013
2003022
2003031
3001023
3001032
3002013
3002022
3002031
3003003
3003012
3003021
300303
10203
10302
20103
20202
20301
30102
30201
1020303
1030203
1030302
2010303
2020203
2020302
2030103
2030202
2030301
3010203
3010302
3020103
3020202
3020301
3030102
3030201
1200003
1300002
2100003
2200002
2300001
3000003
3100002
3200001
10023
10032
20013
20022
20031
30012
30021
1002303
1003203
1003302
2001303
2002203
2002302
2003103
2003202
2003301
3001203
3001302
3002103
3002202
3002301
3003102
3003201
1023
1032
2013
2022
2031
3012
3021
1023003
1032003
1033002
2013003
2022003
2023002
2031003
2032002
2033001
3012003
3013002
3021003
3022002
3023001
3031002
3032001
100233
100323
100332
200133
200223
200232
200313
200322
200331
300123
300132
300213
300222
300231
300312
300321
12003
13002
21003
22002
23001
31002
32001
120033
130023
130032
210033
220023
220032
230013
230022
230031
310023
310032
320013
320022
320031
330003
330012
330021
10002
20001
102033
103023
103032
201033
202023
202032
203013
203022
203031
301023
301032
302013
302022
302031
303012
303021
120303
130203
130302
210303
220203
220302
230103
230202
230301
310203
310302
320103
320202
320301
330102
330201
1200033
1300023
1300032
2100033
2200023
2200032
2300013
2300022
2300031
3100023
3100032
3200013
3200022
3200031
3300003
3300012
3300021
1000002
2000001
102303
103203
103302
201303
202203
202302
203103
203202
203301
301203
301302
302103
302202
302301
303102
303201
123003
132003
133002
213003
222003
223002
231003
232002
233001
312003
313002
321003
322002
323001
331002
332001
1200303
1300203
1300302
2100303
2200203
2200302
2300103
2300202
2300301
3100203
3100302
3200103
3200202
3200301
3300102
3300201
1230003
1320003
1330002
2130003
2220003
2230002
2310003
2320002
2330001
3120003
3130002
3210003
3220002
3230001
3310002
3320001
10233
10323
10332
20133
20223
20232
20313
20322
20331
30123
30132
30213
30222
30231
30312
30321
1203003
1302003
1303002
2103003
2202003
2203002
2301003
2302002
2303001
3102003
3103002
3201003
3202002
3203001
3301002
3302001
100002
200001
1000023
1000032
2000013
2000022
2000031
3000012
3000021
1000203
1000302
2000103
2000202
2000301
3000102
3000201
1020003
1030002
2010003
2020002
2030001
3010002
3020001
1002003
1003002
2001003
2002002
2003001
3001002
3002001