2
11
20003
110003
120002
200003
210002
220001
300002
310001
32
3002
102002
103001
201002
202001
203
301001
302
30023
1020023
1030013
1030022
2010023
2020013
2020022
2030003
2030012
2030021
3000023
3010013
3010022
3020003
3020012
3020021
3030002
3030011
303002
3332
12332
13232
13322
13331
21332
22232
22322
22331
23132
23222
23231
23312
23321
2333
30332
31232
31322
31331
32132
32222
32231
32312
32321
3233
33032
33122
33131
33212
33221
3323
33302
33311
32033
122033
131033
132023
132032
212033
221033
222023
222032
230033
231023
231032
232013
232022
232031
302033
311033
312023
312032
320033
321023
321032
322013
322022
322031
330023
330032
331013
331022
331031
332003
332012
332021
33203
323
1223
1313
1322
2123
2213
2222
2303
2312
2321
3023
3113
3122
3203
3212
3221
3302
3311
332
32303
122303
131303
132203
132302
212303
221303
222203
222302
230303
231203
231302
232103
232202
232301
302303
311303
312203
312302
320303
321203
321302
322103
322202
322301
330203
330302
331103
331202
331301
332102
332201
30032
1020032
1030031
2010032
2020031
203003
3000032
3010031
302003
11333
12233
12323
20333
21233
21323
22133
22223
22313
30233
30323
31133
31223
31313
32123
32213
23
1013
1022
2003
2012
2021
3011
1103
1202
1301
2102
2201
233
10133
10223
10232
20033
20123
20132
20213
20222
20231
30113
30122
30131
30203
30212
30221
1103003
1202003
1203002
1301003
1302002
1303001
2003003
2102003
2103002
2201003
2202002
2203001
2300003
2301002
2302001
11003
12002
21002
22001
30002
31001
110033
120023
120032
200033
210023
210032
220013
220022
220031
300023
300032
310013
310022
310031
320003
320012
320021
32003
10001
1031
101303
102203
102302
103103
103202
103301
200303
201203
201302
202103
202202
202301
203102
203201
2033
113
122
131
212
221
13133
13223
23033
23123
23213
33023
33113
23003
33002
113003
122003
123002
131003
132002
133001
212003
213002
221003
222002
223001
230003
231002
232001
311
1010333
1020233
1020323
1020332
2000333
2010233
2010323
2010332
2020133
2020223
2020232
2020313
2020322
2020331
3000233
3000323
3000332
3010133
3010223
3010232
3010313
3010322
3010331
3020033
3020123
3020132
3020213
3020222
3020231
3020303
3020312
3020321
11303
12203
12302
20303
21203
21302
22103
22202
22301
30302
31103
31202
31301
32102
32201
110303
120203
120302
130103
130202
130301
210203
210302
220103
220202
220301
230102
230201
1001
203033
303023
303032
1103033
1202033
1203023
1203032
1301033
1302023
1302032
1303013
1303022
1303031
2003033
2102033
2103023
2103032
2201033
2202023
2202032
2203013
2203022
2203031
2300033
2301023
2301032
2302013
2302022
2302031
2303003
2303012
2303021
1001003
1002002
1003001
2000003
2001002
2002001
10013
10022
10031
20012
20021
10313
10322
10331
20312
20321
101333
102233
102323
102332
103133
103223
103232
103313
103322
103331
200333
201233
201323
201332
202133
202223
202232
202313
202322
202331
203123
203132
203213
203222
203231
203303
203312
203321
13103
13202
13301
23102
23201
113033
123023
123032
133013
133022
133031
213023
213032
223013
223022
223031
233003
233012
233021
23303
1133
1232
2132
2231
3032
3131
120323
130223
130313
130322
210323
220223
220313
220322
230123
230213
230222
230312
230321
300323
310223
310313
310322
320123
320213
320222
320312
320321
330113
330122
330212
330221
330311
100103
100202
100301
200102
200201
1001033
1002023
1002032
1003013
1003022
1003031
2000033
2001023
2001032
2002013
2002022
2002031
2003012
2003021
3003002
3102002
3103001
3201002
3202001
3300002
3301001
10202
10301
20102
20201
30101
1130303
1220303
1230203
1230302
2030303
2120303
2130203
2130302
2210303
2220203
2220302
2230103
2230202
2230301
3030203
3030302
3110303
3120203
3120302
3130103
3130202
3130301
3200303
3210203
3210302
3220103
3220202
3220301
3230003
3230102
3230201
1100003
1200002
1300001
2100002
2200001
3101
3002003
3101003
3200003
13313
313013
313022
313031
323003
323012
323021
1223003
1313003
1322003
1323002
2123003
2213003
2222003
2223002
2312003
2313002
2321003
2322002
2323001
3023003
3113003
3122003
3123002
3203003
3212003
3213002
3221003
3222002
3223001
3302003
3303002
3311003
3312002
3313001
3320003
3321002
3322001
30311
130001
1100033
1200023
1200032
1300013
1300022
1300031
2100023
2100032
2200013
2200022
2200031
2300012
2300021
1000001
300101
100133
100223
100232
100313
100322
100331
200123
200132
200213
200222
200231
200312
200321
13001
3001013
3001022
3002012
3002021
3003011
300302
130013
130022
130031
230012
230021
3000002
3001001
1013303
1022303
1023203
1023302
1031303
1032203
1032302
1033103
1033202
1033301
2003303
2012303
2013203
2013302
2021303
2022203
2022302
2023103
2023202
2023301
2031203
2031302
2032103
2032202
2032301
2033003
2033102
2033201
1013003
1022003
1023002
2012003
2013002
2021003
2022002
2023001
3011003
3012002
3013001
3021002
3022001
100001
1000013
1000022
1000031
2000012
2000021
3100001
3001031
300203
301103
301202
301301
302102
302201
3100013
3100022
3200012
3200021
3300011
330002
1013033
1022033
1023023
1023032
2012033
2013023
2013032
2021033
2022023
2022032
2023013
2023022
2023031
3002033
3003023
3003032
3011033
3012023
3012032
3013013
3013022
3013031
3021023
3021032
3022013
3022022
3022031
3023012
3023021
1020203
1030103
1030202
2010203
2020103
2020202
2030102
2030201
3000203
3010103
3010202
3020102
3020201
3030101
1310303
1320203
1320302
1330103
1330202
1330301
2300303
2310203
2310302
2320103
2320202
2320301
2330003
2330102
2330201
1220003
1310003
1320002
2120003
2210003
2220002
2310002
2320001
3110003
3120002
3210002
3220001
3310001
30011
300113
300122
300131
300212
300221
312002
313001
321002
322001
331001
101
102023
103013
103022
201023
202013
202022
203012
203021
301013
301022
302012
302021
303011
3000011
1030133
1030223
1030232
2030033
2030123
2030132
2030213
2030222
2030231
3030023
3030032
3030113
3030122
3030131
3030212
3030221
301223
301313
301322
302123
302213
302222
302312
302321
303113
303122
303203
303212
303221
303302
303311
10103
311003
1010303
1020302
1030301
2000303
2010302
2020301
1220033
1310033
1320023
1320032
2120033
2210033
2220023
2220032
2310023
2310032
2320013
2320022
2320031
3110033
3120023
3120032
3200033
3210023
3210032
3220013
3220022
3220031
3300023
3300032
3310013
3310022
3310031
3320012
3320021
1010003
1020002
2010002
2020001
3010001
300332
301232
301331
302132
302231
303131
1103303
1202303
1203203
1203302
2102303
2103203
2103302
2201303
2202203
2202302
2203103
2203202
2203301
3002303
3003203
3003302
3101303
3102203
3102302
3103103
3103202
3103301
3201203
3201302
3202103
3202202
3202301
3203102
3203201
1133003
1232003
1233002
2132003
2133002
2231003
2232002
2233001
3032003
3033002
3131003
3132002
3133001
3231002
3232001
120332
130232
130331
210332
220232
220331
230132
230231
310232
310331
320132
320231
330131
333002
333011
3011303
3012203
3012302
3021203
3021302
3022103
3022202
3022301
3031103
3031202
3031301
3032102
3032201
123302
133202
133301
213302
223202
223301
233102
233201
313202
313301
323102
323201
333101
1002332
1003232
1003322
1003331
2001332
2002232
2002322
2002331
2003132
2003222
2003231
2003312
2003321
3001232
3001322
3001331
3002132
3002222
3002231
3002312
3002321
300233
3003122
3003131
3003212
3003221
3003311
3013202
3013301
3023102
3023201
3033101
1200332
1300232
1300322
1300331
2100332
2200232
2200322
2200331
2300132
2300222
2300231
2300312
2300321
3100232
3100322
3100331
3200132
3200222
3200231
3200312
3200321
3300122
3300131
3300212
3300221
3300302
3300311
3102032
3103022
3103031
3201032
3202022
3202031
3203012
3203021
3301022
3301031
3302012
3302021
3303011
1302302
1303202
1303301
2301302
2302202
2302301
2303102
2303201
3301202
3301301
3302102
3302201
3303101
120233
130133
210233
220133
310133
101033
102032
103031
201032
202031
101003
1030313
1030322
1030331
2030312
2030321
3310202
3310301
3320102
3320201
3330002
3330101
113303
123203
213203
223103
313103
12032
13022
13031
21032
22022
22031
23012
23021
31022
31031
32012
32021
33011
3013103
301133
1331
33101
300311
301031
303101
330011
310202
310301
320102
320201
330101
1000232
1000322
1000331
2000132
2000222
2000231
2000312
2000321
3000122
3000131
3000212
3000221
3000302
3000311
1002302
1003202
1003301
2001302
2002202
2002301
2003102
2003201
3001202
3001301
3002102
3002201
3003101
3010301
1032002
1033001
2031002
2032001
3031001
3100031
11033
12023
21023
22013
31013
1302203
1303103
2301203
2302103
3300203
3301103
1200302
1300202
1300301
2100302
2200202
2200301
2300102
2300201
3100202
3100301
3200102
3200201
3300101
310103
100022
100031
200012
200021
300011
1130003
1230002
2130002
2230001
3130001
13013
1000202
1000301
2000102
2000201
3000101
3030311
1002323
1003223
1003313
2001323
2002223
2002313
2003123
2003213
3001223
3001313
3002123
3002213
3003113
1032023
1033013
1033022
2031023
2032013
2032022
2033012
2033021
3031013
3031022
3032012
3032021
3033011
1301303
3102023
3103013
3201023
3202013
3301013
1331003
1332002
1333001
2331002
2332001
110333
1130033
1230023
1230032
2130023
2130032
2230013
2230022
2230031
3130013
3130022
3130031
3230012
3230021
133103
1000223
1000313
2000123
2000213
3000113
100013
1001303
1002203
1003103
2001203
2002103
1031003
1030001
1001333
1002233
1003133
2001233
2002133
3001133
1031033
1032032
1033031
2031032
2032031
3331001
1000103
1200233
1300133
1300223
2100233
2200133
2200223
2300123
2300213
3100133
3100223
3200123
3200213
3300113
1100303
1200203
1300103
2100203
2200103
3310103
1330001
3001103
1010033
1000133
3100103
1100333
1200323
1300313
2100323
2200313
1330013
1330022
1330031
2330012
2330021
3031031
3101033
3100313
3330011