224
1124
1214
1223
2024
2114
2123
2204
2213
2222
3014
3023
3104
3113
3122
3203
3212
3221
4004
4013
4022
4103
4112
4121
4202
4211
422
12113
13013
13103
13112
14003
14012
14102
14111
102113
103013
103103
103112
104003
104012
104102
104111
111113
112013
112103
112112
113003
113012
113102
113111
114002
114011
114101
11411
1002113
1003013
1003103
1003112
1004003
1004012
1004102
1004111
1011113
1012013
1012103
1012112
1013003
1013012
1013102
1013111
1014002
1014011
1014101
101411
1101113
1102013
1102103
1102112
1103003
1103012
1103102
1103111
1104002
1104011
1104101
110411
1110113
1111013
1111103
1111112
1112003
1112012
1112102
1112111
1113002
1113011
1113101
111311
1114001
111401
11141
233
323
332
10000133
10000223
10000232
10000313
10000322
10000331
20000033
20000123
20000132
20000213
20000222
20000231
20000303
20000312
20000321
2000033
30000023
30000032
30000113
30000122
30000131
30000203
30000212
30000221
3000023
30000302
30000311
3000032
201113
210113
211013
211103
211112
300113
301013
301103
301112
310013
310103
310112
311003
311012
311102
311111
400013
400103
400112
401003
401012
401102
401111
410003
410012
410102
410111
411002
411011
411101
41111
1200113
1201013
1201103
1201112
1210013
1210103
1210112
1211003
1211012
1211102
1211111
1300013
1300103
1300112
1301003
1301012
1301102
1301111
1310003
1310012
1310102
1310111
1311002
1311011
1311101
131111
1400003
1400012
1400102
1400111
1401002
1401011
1401101
140111
1410002
1410011
1410101
141011
1411001
141101
2003111
3002111
3003011
3003101
300311
11003111
12002111
12003011
12003101
1200311
13001111
13002011
13002101
1300211
13003001
1300301
130031
20003111
21002111
21003011
21003101
2100311
22001111
22002011
22002101
2200211
22003001
2200301
220031
23000111
23001011
23001101
2300111
23002001
2300201
230021
23003
30002111
30003011
30003101
3000311
31001111
31002011
31002101
3100211
31003001
3100301
310031
32000111
32001011
32001101
3200111
32002001
3200201
320021
32003
33000011
33000101
3300011
33001001
3300101
330011
33002
2111
3011
3101
311
101111
102011
102101
10211
103001
10301
1031
200111
201011
201101
20111
202001
20201
2021
203
300011
300101
30011
301001
30101
302
14
104
113
100004
100013
100103
100112
200003
200012
200102
300002
1403
10403
11303
11402
10000403
10001303
10001402
10010303
10010402
10011203
10011302
10011401
20000402
20001203
20001302
20001401
20010203
20010302
20010401
20011103
20011202
20011301
200114
30000401
30001103
30001202
30001301
300014
30010103
30010202
30010301
300104
30011003
30011102
30011201
20222
30122
30212
30221
1010222
1020122
1020212
1020221
1030022
1030112
1030121
1030202
1030211
103022
2000222
2010122
2010212
2010221
2020022
2020112
2020121
2020202
2020211
202022
2030012
2030021
2030102
2030111
203012
2030201
203021
3000122
3000212
3000221
3010022
3010112
3010121
3010202
3010211
301022
3020012
3020021
3020102
3020111
302012
3020201
302021
3030002
3030011
303002
3030101
303011
30302
11
101
2
1013
1103
1112
2003
2012
2102
3002
4001
401
41
11213
12203
12212
10001213
10002113
10002203
10002212
10010213
10011113
10011212
10012013
10012103
10012112
10012202
10012211
20001113
20001212
20002013
20002103
20002112
20002202
20002211
20010113
20010212
20011013
20011112
20011211
20012003
20012012
20012102
20012111
20012201
2001221
30001013
30001112
30001211
30002003
30002012
30002102
30002201
30010013
30010112
30010211
30011012
30011111
3001121
30012002
30012011
30012101
3001211
300122
10001222
10002122
10002221
10003022
10003112
10003121
10003202
10003211
1000322
20001122
20001221
20002022
20002121
20003012
20003021
20003102
2000312
20003201
2000321
30001022
30001121
30002021
30003002
3000302
300032
2303
3302
4301
12302
13202
13301
14201
143
101303
102203
102302
103202
103301
104201
1043
110303
111203
111302
112202
112301
113201
1133
1142
1322
10322
11222
11312
11321
100322
101222
101312
101321
110222
110312
110321
111122
111212
111221
11132
200222
200312
200321
201122
201212
201221
201302
201311
20132
210122
210212
210221
210302
210311
21032
211022
211121
211202
211211
21122
211301
21131
300212
300221
300302
30032
301121
301202
301211
301301
30131
310022
310121
310202
310211
31022
310301
31031
311021
31112
311201
31121
10103
10202
100202
100301
110003
110102
110201
1000103
1000202
1000301
1010003
1010102
1010201
1100003
1100102
1100201
11003
1110002
1110101
11102
12221
102221
112121
112211
1002221
1011221
1012121
1012211
1101221
1102121
1102211
1110221
1111121
1111211
1112021
1112201
10011221
10012121
1001222
10101221
10102121
10102211
10110221
10111121
10111211
1011122
10112021
10112111
1011212
10112201
11001221
11002121
11002211
1100222
11010221
11011121
11011211
1101122
11012021
11012111
1101212
11012201
11100221
11101121
11101211
1110122
11102021
11102111
1110212
11102201
11110121
11110211
1111022
11111021
11111111
11111201
11112011
1111202
11112101
100002221
100011221
100012121
100012211
100101221
100102121
100102211
10010222
100110221
100111121
100111211
10011122
100112021
100112111
100112201
101001221
101002121
101002211
10100222
101010221
101011121
101011211
10101122
101012021
101012111
10101212
101012201
101100221
101101121
101101211
10110122
101102021
101102111
10110212
101102201
101110121
101110211
10111022
101111021
101111111
10111112
101111201
101112011
10111202
101112101
110001221
110002121
110002211
11000222
110010221
110011121
110011211
11001122
110012021
110012111
11001212
110012201
110100221
110101121
110101211
11010122
110102021
110102111
11010212
110102201
110110121
110110211
11011022
110111021
110111111
11011112
110111201
110112011
11011202
110112101
111000221
111001121
111001211
11100122
111002021
111002111
11100212
111002201
111010121
111010211
11101022
111011021
111011111
11101112
111011201
111012011
11101202
111012101
111100121
111100211
11110022
111101021
111101111
11110112
111101201
111102011
11110202
111102101
111110021
111110111
11111012
111110201
111111011
11111102
111111101
111112001
20303
30203
1010303
1020203
1020302
1030103
1030301
10020203
10020302
10030103
10030202
10030301
11000303
11010203
11010302
11020103
11020202
11020301
11030003
11030102
11030201
100010303
100020203
100020302
100030103
100030202
100030301
101000303
101010203
101010302
101020103
101020202
101020301
101030003
101030102
101030201
110000303
110010203
110010302
110020103
110020202
110020301
110030003
110030102
110030201
1100303
111000203
111000302
111010103
111010202
111010301
111020003
111020102
111020201
1110203
111030002
111030101
1110302
20141
30041
110141
120041
120131
12014
13004
130121
200141
210041
210131
21014
22004
220121
22013
230111
23012
300041
300131
30014
31004
31013
320111
32012
330101
33011
2033
3032
4031
11033
12023
12032
13022
13031
14021
101033
102023
102032
103031
104021
110033
111023
111032
112022
112031
113021
2141
3041
3131
314
101141
102041
102131
10214
10304
103121
10313
201041
201131
20114
202031
20204
202121
20213
203111
20312
301031
30104
30113
302111
303101
30311
1000043
1000133
1000142
1001033
1001042
1001123
1001132
1001141
2000042
2000123
2000132
2000141
2001023
2001032
2001041
2001113
2001122
2001131
3000041
3000113
3000131
3001013
3001022
3001031
3001103
3001112
212
1201211
1210211
1211201
121121
1301201
1310201
131021
2011211
2101211
2110211
2111111
2111201
2201111
2201201
2210111
2210201
221021
2211011
2211101
221111
22112
2301011
2301101
2310011
2310101
231011
23102
2311001
231101
23111
3011111
3011201
3101111
3101201
3110111
3110201
3111011
3111101
3201011
3201101
3210011
3210101
321011
32102
3211001
321101
32111
3301001
3310001
331001
33101
3311
2042
2132
404
413
11114
11204
21104
21113
21203
21212
31103
31202
31211
40004
40013
40103
40112
40202
40211
41003
41012
41102
41201
400121
400211
40022
401021
401201
40121
1200221
1201121
120122
1300121
130022
1301021
130112
1400021
140012
1400201
140021
140102
10200221
10201121
10201211
10300121
10300211
10301021
10301111
10301201
10400021
10400111
1040012
10400201
1040021
10401011
1040102
10401101
1040111
11200121
11200211
1120022
11201021
11201111
1120112
11201201
1120121
11300021
11300111
1130012
11300201
1130021
11301011
1130102
11301101
1130111
11400011
1140002
11400101
1140011
11401001
1140101
21041
111041
111131
121031
12104
211031
22103
1010141
1011041
1011131
101114
1020041
1020131
102014
1021031
102104
1021121
1100141
1101041
1101131
110114
1110041
1110131
111014
1111031
111104
1120031
112004
1121021
1121111
1200041
1200131
120014
1201031
120104
120113
1210031
121004
1210121
121013
1211021
121103
121112
1220021
122003
1220111
122012
1221011
122102
1221101
122111
204011
204101
20411
212111
213011
213101
21311
214001
21401
304001
30401
312011
312101
313001
31301
402011
402101
403001
40301
412001
242
1232
1241
2231
10043
10133
10142
10223
10232
10241
11042
11123
11231
12041
12122
12131
1002023
1002032
1003022
1003031
1100033
1101023
1101032
1102022
1102031
1103021
10001033
10002023
10002032
10003013
10003031
10100033
10101023
10101032
10102013
10102022
10102031
10103003
10103012
10103021
11000033
11001023
11001032
11002013
11002022
11002031
11003003
11003012
11003021
11100023
11100032
11101013
11101031
11102003
11102012
11103002
11103011
122
221
100022
100121
100211
10022
1000022
1000112
1000121
1000211
1100012
1100021
1100111
110012
110021
10000022
10000112
10000121
10000202
10000211
10100012
10100021
10100102
10100111
1010012
10100201
1010021
11000012
11000021
11000102
11000111
11000201
11100002
11100011
11100101
1110011
111002
1230011
1230101
123011
1320011
1320101
132011
1330001
133001
2120111
2130011
2130101
2220011
2220101
222011
2230001
223001
22301
2320001
232001
23201
3120011
3120101
3130001
3220001
322001
32201
131
23
32
41000003
131000003
140000003
141000002
221000003
230000003
231000002
240000002
241000001
311000003
320000003
321000002
330000002
331000001
340000001
341
401000003
410000003
411000002
420000002
421000001
430000001
431
44
1022
1121
10013
10031
10112
10121
11012
11021
11111
1020113
1021013
1021103
1021112
1030013
1031003
1031012
1031102
1031111
2010113
2011013
2011103
2011112
2020013
2020103
2021003
2021012
2021102
2021111
2030003
2031002
2031011
2031101
3010013
3010103
3011003
3011012
3011102
3020003
3021002
3021011
3021101
3031001
123002
131003
132002
1022003
1023002
1032002
1033001
1121003
1122002
1123001
1130003
1131002
1132001
10013003
10022003
10023002
10031003
10032002
10033001
10112003
10113002
10121003
10122002
10123001
10130003
10131002
10132001
11012003
11013002
11021003
11022002
11023001
11031002
11032001
11111003
11112002
11113001
11120003
11121002
11122001
11130002
11131001
110111
120011
120101
12011
210011
210101
21011
220001
22001
2201
1010111
1020011
1020101
111011
1120001
112001
11201
1200011
1200101
1210001
121001
12101
2000111
2010011
2010101
2020001
2100011
2100101
2110001
211001
21101
2200001
210014
210104
220004
220013
220103
220112
1010114
1020014
1020104
1100114
1110014
1110104
1120004
1120013
1120103
1200014
1200104
1210004
1220003
1220012
1220102
2000114
2010014
2010104
2020004
2100014
2100104
2100113
2110004
2110013
2110103
2110112
2120003
2120012
2120102
2200004
2200013
2200103
2200112
2210003
2210012
2210102
2220002
2411
3401
100001411
100002311
100002401
10000241
100003211
100003301
1000034
200000411
200001311
200001401
20000141
200002211
200002301
2000024
200003111
200003201
300000311
300000401
30000041
300001211
300001301
3000014
300002111
300002201
300003011
300003101
100133
101123
101132
110123
110132
200033
200123
200132
201023
201032
210023
210032
300023
13211
1421
121211
130211
131201
13121
140201
1412
1021211
1031201
1040201
1041011
1041101
10412
1120211
1121201
1130201
1131011
1131101
1141001
10021211
10030211
10031111
10031201
1003121
10040111
10040201
1004021
10041011
10041101
100412
10120211
10121111
10121201
10130111
10130201
1013021
10131011
10131101
10140011
10140101
101402
10141001
11020211
11021111
11021201
11030111
11031011
11031101
11040011
11040101
110402
11041001
11120111
11120201
11121011
11121101
11130011
11130101
11140001
4100003
13100003
14000003
14100002
22100003
23000003
23100002
24000002
24100001
31100003
32000003
32100002
33000002
33100001
34000001
40100003
41100002
42000002
42100001
43000001
10001
1001
100001
1000001
10004
1000004
1000013
22211
122201
100021211
100022111
100022201
100120211
100121111
100121201
100122011
100122101
200011211
200012111
200012201
200020211
200021111
200021201
200022011
200022101
200101211
200102111
200102201
20010221
200110211
200111111
200111201
20011121
200112011
200112101
200120111
200120201
20012021
200121011
200121101
2001212
200122001
300010211
300011111
300011201
300012011
300012101
300020111
300020201
300021011
300021101
300022001
300100211
300101111
300101201
30010121
300102011
300102101
300110111
300110201
30011021
300111011
300111101
300112001
300120011
300120101
3001202
300121001
2321
12311
102311
202211
202301
20231
212021
212201
21221
302201
1001303
1002203
1002302
1003202
1003301
1011203
1011302
1012202
1012301
1013201
1101203
1101302
1102202
1102301
1103201
1111301
10002302
10003103
10003301
20002301
20003003
1004
100403
200303
200402
201203
201401
210203
210401
300203
300401
22202
120203
121202
123101
130103
130202
131102
132101
1331
103211
10421
1003211
1004201
100421
41021
120212
120221
121022
131012
141002
1211
101021
101201
200021
20012
200201
20021
20102
30002
102122
102212
202112
202202
203102
203201
20321
302102
10021103
10022102
10102103
10111103
10112102
10120103
10121102
10122101
20020103
20021003
20021102
20022002
20022101
20101103
20102003
20102102
20110103
20111003
20111102
20112002
20112101
20120003
20120102
20121002
20121101
20122001
30020003
30020102
30021002
30021101
30022001
30100103
30101003
30101102
30102002
30102101
30110003
30110102
30111002
30111101
30112001
30120002
30120101
30121001
1021202
1022102
1022201
10021202
10022201
11001203
11002103
11002202
11011103
11012102
11021102
11022101
100002203
100011203
100012103
100012202
100021103
100021202
100022003
100022102
101001203
101002103
101002202
101011103
101011202
101012003
101012102
101021003
101021102
101021201
101022002
101022101
110001203
110002103
110002202
110011103
110011202
110012003
110012102
110021003
110021102
110021201
110022002
110022101
111001103
111001202
111002003
111002102
111011003
111011102
111012002
111021002
111021101
111022001
12002
20003
21002
101003
101102
102002
111101
120002
1200203
1200302
1210202
1210301
2000303
2010203
2010302
2100203
2100302
2110202
2110301
2200202
10100303
10110203
10110302
10200203
10200302
10210103
10210202
10210301
11100203
11100302
11110103
11110301
11200103
11200202
11200301
11210003
11210102
11210201
12000203
12000302
12010103
12010202
12010301
12100103
12100202
12100301
12110003
12110102
12110201
12200003
12200102
12200201
12210002
12210101
1000223
1000232
1000313
1000331
2000213
2000231
3000203
2000003
3000002
4000001
11000003
12000002
13000001
101000003
102000002
103000001
110000003
111000002
112000001
20033
20042
20123
21023
30023
100031
1010411
1020311
1020401
10010411
10020311
10020401
1002041
100304
11000411
11010311
11010401
110204
100010411
100020311
100020401
10002041
100030211
1000304
101000411
101010311
101010401
10101041
101020211
1010204
101030111
110000411
110010311
110010401
11001041
110020211
1100204
110030111
111000311
111000401
11100041
111020111
111030011
200411
400301
40031
1100411
1200401
10100411
10200311
10200401
10300301
1030031
103004
11100311
11100401
31001
40001
1001213
1002212
1010213
2001203
2002013
2002103
2002112
2002202
2002211
2011202
2012003
2012012
2012102
2012111
2012201
3002003
3002012
3002102
3002201
3012002
3012011
3012101
100223
101213
1002122
1100123
1100213
10001123
10100123
10100213
10101113
10101203
10102112
10102202
11000123
11000213
11001113
11002112
11100113
11101103
11102102
10331
1034
100241
100331
10034
110231
11024
1000241
100034
1000421
100043
1010231
101024
1010321
101042
1100231
110024
1100321
110042
1110311
1110401
120302
130301
220202
220301
230003
230102
230201
320003
320102
320201
330002
400001
1200002
1300001
10100003
10200002
10300001
11200001
4000013
4000022
4000031
12000023
12000032
13000013
13000022
13000031
14000012
14000021
101000033
102000023
102000032
103000013
103000022
103000031
104000003
104000012
104000021
10400003
110000033
111000023
111000032
112000013
112000022
112000031
113000003
113000012
113000021
11300003
114000002
114000011
11400002
101300003
110300003
111200003
111300002
200300003
201200003
201300002
210200003
210300002
211100003
211200002
211300001
300200003
300300002
301100003
301200002
301300001
310100003
310200002
310300001
311100002
311200001
400100003
400200002
400300001
401100002
401200001
410100002
410200001
411100001
10004003
10004102
10013102
10014002
10014101
10103102
10104002
10104101
10113101
10114001
11003102
11004002
11004101
11013101
11014001
11103101
11104001
41000111
131000111
140000111
141000011
141000101
14100011
221000111
230000111
231000011
231000101
23100011
240000011
240000101
24000011
2410001
311000111
320000111
321000011
321000101
32100011
330000011
330000101
3400001
401000111
410000111
411000011
411000101
41100011
420000011
420000101
42000011
4210001
4300001
1313
1031021
2011121
2021021
2021201
3011021
1022111
1023011
1023101
1032011
1032101
1122011
1122101
10013111
10022111
10023011
10023101
1002311
10032011
10032101
10103111
10113011
1011311
10122011
101231
11013011
1101311
11022011
20030003
20130002
21020003
21030002
21110003
21120002
21130001
30030002
30130001
31010003
31020002
31030001
31110002
31120001
40010003
40020002
40030001
40110002
40120001
41010002
41020001
41110001
100004111
100013111
100014011
100014101
10001411
100103111
100104011
100104101
100113011
100113101
10011311
100114001
200004011
200004101
20000411
200013011
200013101
20001311
200014001
200103011
200103101
20010311
200104001
200113001
300004001
300013001
300103001
10124
20024
202103
203003
302003
101012
10002311
10002401
200024
212003
212102
221003
221102
222002
222101
312002
321002
402002
420002
420101
421001
1001231
100124
10001141
10001231
1000124
10010141
10010231
1001024
10011041
10011131
1001114
10100141
10100231
1010024
10101131
1010123
10110041
10110131
1011014
1011023
10111031
1011104
11000141
11000231
1100024
11001131
11010041
11010131
1101014
11011031
1101104
11100131
1110023
11110031
1111004
42002
43001
140003
142001
1040003
1041002
1042001
20020211
20021111
20021201
2002121
20022011
20101211
20102111
20102201
20110211
20111111
20111201
20112011
20120111
20120201
2012021
20121011
30020111
30020201
3002021
30021011
30100211
30101111
30101201
30102011
30110111
30110201
30111011
30120011
2013011
2013101
2022011
2022101
2023001
2032001
3013001
3022001
1021301
10012301
10021301
1002131
11001311
11002301
11011301
110213
100011311
100012301
100021301
10002131
101001311
101002301
101011301
101021111
101022011
110001311
110002301
110011301
110021111
110022011
111001301
111021011
13001
2312
1000403
1001402
1010402
1011401
2000402
2001302
2001401
2010401
2011301
3000401
3001301
3010301
3000011
3000101
12000011
12000101
130001
101000111
102000011
102000101
10200011
1030001
110000111
111000011
111000101
42011
42101
100031111
100040111
100041011
100041101
10004111
100130111
100131011
100131101
100140011
100140101
10014011
100141001
1001411
101031011
101031101
101040011
101040101
10104011
101041001
101120111
101121011
101121101
101130011
101130101
101131001
101140001
110031011
110031101
110040011
110040101
11004011
110041001
110120111
110121011
110121101
110130011
110130101
110131001
110140001
1101401
111031001
111040001
111120011
111120101
111121001
111130001
220022
220211
22022
230012
23021
320012
32021
21302
1202
1301
1304
22031
22121
120311
120401
1120301
400004
4000121
12000041
12000131
1300004
13000121
14000111
101000141
102000041
102000131
10200014
10300004
103000121
10300013
104000111
10400012
110000141
111000041
111000131
11100014
11200004
112000121
11200013
113000111
11300012
114000101
101300111
110300111
111200111
111300011
111300101
200300111
201200111
201300011
201300101
20130011
210200111
210300011
210300101
21030011
211100111
211200011
211200101
21120011
2113001
300200111
300300011
300300101
30030011
301100111
301200011
301200101
310100111
310200011
310200101
31020011
3103001
311100011
311100101
31110011
3112001
400100111
400200011
400200101
40020011
4003001
401100011
401100101
40110011
4012001
410100011
410100101
41010011
4102001
4111001
20000111
20100011
20100101
21000011
21000101
21100001
30000011
30000101
30100001
3010001
31000001
3100001
310001
40000001
100214
100313
101204
20300003
21200003
21300002
30200003
30300002
31200002
31300001
40200002
40300001
41200001
120200003
120300002
121100003
121200002
121300001
130100003
130200002
130300001
131100002
131200001
140100002
140200001
141100001
134
204002
213002
10100114
11000114
11100104
20000114
20100014
20100104
20100113
21000014
21000104
21000113
21100004
21100013
21100103
21100112
30000014
30000104
30100004
30100013
30100112
31000004
31000013
31000103
31000112
31100012
31100102
31100111
40000004
40000013
40000103
40000112
40100012
40100102
40100111
41000012
41000102
41100101
4110011
2400011
2400101
240011
2401001
240101
24011
241001
24101
340001
34001
2402
2130002
3110003
3120002
4010003
4020002
4030001
4110002
4120001
12020003
12030002
12120002
12130001
13010003
13020002
13030001
13110002
13120001
14010002
14020001
14110001
20004011
20004101
2000411
20013011
20013101
2001311
20014001
20103011
20103101
2010311
20104001
20113001
30004001
30013001
30103001
221201
410201
420011
121301
10101311
10102301
10110311
10111301
10120301
1012031
11101301
20402
1240001
124001
12401
2040011
2040101
2140001
10220111
10230011
10230101
10240001
1024001
102401
11210111
11220011
11220101
11230001
12020111
12030011
12030101
1203011
12040001
1204001
12110111
12120011
12120101
1212011
1213001
12200111
12210011
12220001
1222001
2002022
2003012
2003021
2003102
2003201
3003002
4000112
4000202
4000211
400022
12000122
12000212
12000221
13000112
13000202
13000211
1300022
14000102
14000201
101000222
102000122
102000212
102000221
103000112
103000202
103000211
10300022
104000102
104000201
110000222
111000122
111000212
112000112
112000202
112000211
11200022
113000102
113000201
1001111
1011011
1011101
1101011
1101101
1111001
1201001
10001111
10010111
10011011
10011101
10101011
10101101
10110011
10110101
10111001
10200101
10201001
10210001
1021001
11001011
11001101
11010011
11010101
11011001
11101001
11110001
2300003
2310002
2400002
3200003
3210002
3300002
4200002
100232
1220201
122021
2020301
2100401
2120201
2101103
2111003
2111102
3100103
3101003
3101102
3110102
3111002
4000103
4001003
4001102
4010102
4011002
4011101
4100102
4101002
4101101
4110101
12001103
12011003
12011102
12101003
12101102
12111002
12111101
13000103
13001003
13001102
13010102
13011002
13011101
13100102
13101002
13101101
13110101
13111001
14001002
14001101
14010101
14011001
14100101
14101001
202013
212012
221012
200001221
201000221
201001121
201001211
20100122
210000221
210001121
210001211
21000122
211000121
211000211
21100022
211001021
211001111
211001201
21100121
300000221
300001121
301000121
301000211
30100022
301001021
301001111
301001201
30100121
310000121
310000211
31000022
310001021
310001111
310001201
31000121
311000021
311000201
31100021
311001011
311001101
3110012
400000121
400000211
40000022
400001021
400001111
400001201
40000121
401000021
401000201
40100021
401001011
401001101
4010012
410000021
410000201
41000021
410001011
410001101
4100012
411001001
4001111
4010111
4011011
4100111
4101011
4200011
4200101
4201001
10211111
11211011
11211101
12011111
12101111
12111011
12201011
12201101
12211001
13010111
13011011
13100111
13101011
13110011
13200011
13200101
13201001
13210001
1321001
14001011
14010011
14200001
1420001
1001321
2002031
200213
2002301
200231
1000214
1000412
1010312
1100312
1100402
20300111
21200111
21300011
21300101
30200111
30300011
30300101
31200011
31200101
40200011
40200101
4020011
120200111
120300011
120300101
121100111
121200011
121200101
130100111
130200011
130200101
13020011
1303001
131100011
131100101
1312001
140100011
140100101
1402001
12100001
231002
240002
21001013
21001103
21001112
31001003
31001012
31001102
40001003
40001012
40001102
40001111
41001002
41001011
41001101
101001113
110001113
111000113
111001013
111001112
120000113
120001013
120001103
120001112
121000013
121000103
121000112
121001003
121001012
121001102
121001111
130000013
130000103
130000112
130001003
130001012
130001102
130001111
131000012
131000102
131001002
131001011
131001101
140000012
140000102
140001002
140001011
140001101
141001001
2004011
2004101
2014001
2102111
2103011
2103101
2104001
2112011
2112101
3004001
3102011
3102101
200204
201014
201104
301004
1020002
4000301
13000301
102000203
102000302
103000103
103000301
112000103
112000301
22200002
102200003
112100003
112200002
122000003
122100002
122200001
202100003
202200002
212000003
212100002
212200001
220100003
220200002
221100002
221200001
222000002
222100001
302000003
302100002
302200001
312000002
312100001
320100002
320200001
321100001
322000001
400031
1200023
1200032
1300031
10200023
10200032
10300031
11200031
430001
2003003
2102003
2103002
3102002
4002002
12002003
12003002
12102002
12103001
13002002
13102001
14002001
120010103
120011003
120011102
130010003
130010102
130011002
130011101
200011103
210001103
210010103
210011003
210011102
220000103
220001003
220001102
220010003
220010102
220011002
220011101
230000102
230001002
230001101
230010002
230010101
230011001
300001103
300010103
300011003
300011102
310000103
310001003
310001102
310010003
310010102
310011002
310011101
320000102
320001002
320001101
320010002
320010101
320011001
330001001
330010001
1231001
10221011
10221101
10231001
11221001
2121011
2121101
2131001
2221001
4001201
4010201
4100201
410021
12001211
12010211
12011201
12100211
12101201
13001201
13010201
13100201
1310021
200030003
201020003
201030002
210020003
210030002
211010003
211020002
211030001
300020003
300030002
301010003
301020002
301030001
310020002
310030001
311010002
311020001
400010003
400020002
400030001
401010002
401020001
410010002
410020001
411010001
400202
1300202
10200113
10201013
10201103
10201112
10300103
10300112
10301003
10301012
10301102
11200112
11201003
11201012
11201102
11300102
11301002
100101113
100200113
100201013
100201103
100201112
100300013
100300103
100300112
100301003
100301012
100301102
100301111
101100113
101101013
101101103
101101112
101200013
101200103
101200112
101201003
101201012
101201102
101201111
101300012
101300102
101301002
101301011
101301101
110100113
110101013
110101103
110101112
110200013
110200103
110200112
110201003
110201012
110201102
110201111
110300012
110300102
110301002
110301011
110301101
111100013
111100103
111100112
111101003
111101012
111101102
111200012
111200102
111201002
111201011
111201101
111301001
12000113
12001013
12001112
13001012
22000013
22000103
22000112
22001003
22001012
22001102
23000012
23000102
23001002
32000012
32000102
32001002
100142
200042
21000221
21001121
21001211
2100122
31000211
3100022
31001021
3100112
31001201
3100121
40000211
40001021
40001201
41000201
4100021
120000221
120001121
120001211
121000121
121000211
12100022
121001021
12100112
121001201
12100121
130000121
130000211
130001021
130001201
131000021
13100012
131000201
13100021
140000021
140000201
20103002
21002003
21003002
21101003
21102002
21103001
31002002
31101002
31102001
40002002
40003001
40101002
40102001
41002001
41101001
1121102
2121002
3121001
4020101
4021001
1001312
1010132
1011032
1100132
1110032
20100221
20101121
20110121
2011022
20111021
21010121
21010211
2101022
21011021
21011111
2101112
21011201
2101121
21100211
2110022
21101021
21101111
21101201
2110121
21110021
21110111
2111012
21110201
2111021
21111011
21111101
30101021
30110021
31010021
31010111
3101012
31010201
3101021
31011011
31011101
31100201
3110021
31101011
31101101
31110101
31111001
130004
130013
1030004
10010114
10020014
10020104
10020113
10030004
10030013
10030112
10110014
10110104
10110113
10120004
10120013
10120112
10130012
10130102
11010014
11010104
11010113
11020004
11020013
11020112
11030012
11110004
11110013
11120012
11120102
101111003
102011003
102101003
102110003
102111002
103001003
103010003
103011002
103100003
103101002
103110002
103111001
104001002
104010002
104011001
104100002
104101001
104110001
110111003
111110003
111111002
112001003
112010003
112011002
112101002
112110002
112111001
113001002
113010002
113011001
113100002
113101001
113110001
114001001
114010001
114100001
1001003
1001102
1011002
2000102
2001002
2001101
2010002
2011001
3001001
1201202
1201301
10101302
10201202
10201301
10211003
10211102
10211201
11001302
11211002
22100111
22200011
22200101
102200111
112100111
112200011
112200101
122000111
122100011
122100101
202100111
202200011
202200101
20220011
212000111
212100011
212100101
21210011
21220001
2122001
220100111
220200011
220200101
22020011
221100011
221100101
22110011
22120001
2212001
222000011
222000101
22210001
302000111
302100011
302100101
30210011
30220001
312000011
312000101
31210001
320100011
320100101
32010011
32020001
3202001
32110001
32200001
10310003
10310102
10311002
10311101
10400102
10401002
10410002
10410101
10411001
11310002
11310101
11311001
11410001
201002
110003003
120002003
120003002
130002002
130003001
200003003
210002003
210003002
220002002
220003001
230002001
300002003
300003002
310002002
310003001
320002001
1002011
1002101
1003001
2001011
2002001
1010033
2010023
2010032
2010131
2011031
3010031
100111103
100210103
100211003
100211102
100310003
100310102
100311002
100311101
200101103
200110103
200111003
200111102
200200103
200201003
200201102
200210003
200210102
200211002
200211101
200300102
200301002
200301101
200310002
200310101
200311001
300100103
300101003
300101102
300110003
300110102
300111002
300200102
300201002
300201101
300210002
300210101
300211001
300301001
300310001
20100041
20100131
21000041
21000131
21100031
30100031
3010004
31000031
3100004
3100013
40000031
4000004
4002011
4002101
12102011
12102101
120010211
120011111
120011201
12001121
130010111
130010201
13001021
130011011
210010211
210011111
210011201
220000211
220001111
220001201
22000121
220010111
220010201
22001021
220011011
230000201
23000021
230001011
2300012
230010011
2300102
310010111
310010201
310011011
320000201
32000021
320001011
3200012
320010011
3200102
1202003
1203002
1212002
1302002
101210003
102210002
110210003
111210002
112210001
201110003
201210002
202010003
202110002
202210001
210110003
210210002
211110002
211210001
212010002
212110001
301110002
301210001
302010002
302110001
310110002
310210001
311110001
312010001
21000203
21000302
22000202
22000301
23000201
31000202
31000301
32000201
10021013
10021112
10031012
10031102
20020013
20020112
20021012
20030012
20030102
20030111
20031002
20031011
20031101
30020012
30030101
30031001
200030111
201020111
201030011
201030101
210020111
210030011
210030101
211010111
211020011
211020101
21102011
300030011
300030101
301010111
301020011
301020101
310020011
310020101
311010011
311010101
400010111
400020011
400020101
40002011
401010011
401010101
40101011
410010011
410010101
100100003
101100002
110100002
111100001
200000003
200100002
201000002
201100001
210000002
210100001
211000001
300000002
300100001
301000001
310000001
100200221
100201121
100201211
10020122
100300121
100300211
10030022
100301021
100301201
10030121
101200121
101200211
10120022
101201021
101201201
10120121
101300021
101300201
10130021
110200121
110200211
11020022
110201021
110201201
11020121
110300021
110300201
11030021
111200021
111200201
11120021
1021022
1120202
1121012
1200122
1200212
1201022
1210022
1221002
2013002
2112002
10200122
10200212
10300202
20100212
20200022
20200112
20200121
20200202
20200211
20300012
20300021
20300102
20300201
30100202
30200012
30200021
30200102
30200201
10220003
10221002
11220002
20201003
20210003
20211002
20220002
20221001
21011003
21021002
21111002
21121001
21201002
21210002
21211001
30201002
30210002
30211001
31011002
31021001
31201001
100000223
100001123
100001213
100001222
100002023
100002113
100002122
100002212
101000123
101000213
101001023
101001122
101001212
101002013
101002022
101002112
110000123
110000213
110001023
110001122
110001212
110002013
110002022
110002112
111001022
111002012
120020003
120030002
121010003
121020002
121030001
130020002
130030001
131010002
131020001
140010002
140020001
141010001
10010003
10110002
11010002
20000003
20010002
20100002
20110001
21000002
21010001
30000002
30010001
100100033
101100023
101100032
110100023
110100032
111100022
111100031
200000033
200100023
200100032
201000023
201000032
201100013
201100022
201100031
210000023
210000032
210100013
210100022
210100031
211000013
211000022
211000031
211100012
211100021
300000023
300000032
300100013
300100022
300100031
301000013
301000022
301000031
301100012
301100021
310000013
310000022
310000031
310100012
310100021
311000012
102011111
102101111
102110111
102111011
102111101
103001111
103010111
103011011
103011101
103100111
103101011
103101101
10310111
103110011
103110101
10311011
104001011
104001101
104010011
104010101
104100011
104100101
10410011
112001111
112010111
112011011
112011101
112101011
112101101
112110011
112110101
113001011
113001101
113010011
113010101
113100011
113100101
11310011
1001201
2000201
1001204
2000204
2001014
2001104
2011004
3000104
3001004
2100221
4001021
4010021
10101401
10110401
10210211
11001401
100103003
100202003
100203002
100302002
100303001
200102003
200103002
200202002
200203001
200302001
300102002
300202001
20102021
1202111
1203101
1212101
2202011
2202101
2203001
10202111
10203011
10203101
10212011
10212101
10213001
11202011
11202101
11203001
11212001
12012011
12012101
12013001
12112001
12202001
110003111
120002111
120003011
120003101
12000311
130002011
130002101
210002111
210003011
210003101
21000311
220002011
220002101
22000211
2200031
2300021
310002011
310002101
3100031
3200021
2010041
100210211
100211111
100211201
10021121
100310111
100310201
10031021
100311011
200200211
200201111
200201201
20020121
200210111
200210201
20021021
200211011
200300201
20030021
200301011
200310011
300200201
30020021
300201011
300210011
40010111
40010201
40011011
40011101
40100201
40101101
40110101
40111001
41010101
41011001
10001021
10001201
20000021
2000012
20000201
2000021
20001011
20001101
30001001
100010213
100011113
100011212
100012013
100012112
200000213
200001113
200001203
200001212
200002013
200002103
200002112
200002202
200010113
200010203
200010212
200011013
200011112
200011202
200012003
200012012
200012102
300000113
300000203
300000212
300001013
300001112
300001202
300002012
300002102
300010013
300010112
300010202
300011012
300012002
20020202
20020301
20030201
20200103
20201102
20210102
20211101
20301002
20301101
20310002
20310101
20311001
30201101
30210101
30301001
30310001
2100041
2100131
310004
12100031
100100111
101100011
101100101
110100011
110100101
200000111
200100011
200100101
20010011
201000011
201000101
210000011
210000101
2101001
300000011
300000101
100100114
101000114
101100014
101100104
110000114
110100014
110100104
111000014
111000104
111100004
200000114
200100014
200100104
200100113
201000014
201000104
201000113
201100004
201100103
201100112
210000014
210000104
210000113
210100004
210100103
210100112
211000004
211000103
211000112
211100102
300000014
300000104
300100004
300100112
301000004
301000103
301000112
301100102
310000004
310000112
310100102
311000102
1230002
1320002
10230002
10320002
10330001
11320001
100130003
100220003
100230002
100320002
100330001
101120003
101130002
101220002
101230001
101310002
101320001
110120003
110130002
110220002
110230001
110310002
110320001
111120002
111220001
111310001
10001321
11000321
100000331
100001231
100001321
100002131
101000231
101000321
101001131
10100132
101002031
110000231
110000321
110001131
11000132
110002031
111001031
21020111
21030101
31020101
40020101
120020111
120030011
120030101
121010111
121020011
121020101
130020011
130020101
131010011
131010101
140010011
140010101
1002014
1002104
1003004
2002004
2022002
2201003
2202002
2211002
3201002
100100141
101100041
101100131
110100041
110100131
200000141
200100041
200100131
20010014
201000041
201000131
20110004
201100121
20110013
210000041
210000131
21010004
210100121
21010013
21110012
300000041
300000131
30010004
300100121
30110012
31010012
100010003
100110002
101010002
101110001
200010002
200110001
201010001
300010001
10202003
10212002
10222001
20202002
20212001
30202001
1302011
1302101
10302011
10302101
10312001
10320011
10320101
10321001
11302001
20100023
20100032
21000023
21000032
100000001
120023
120032
100202111
100203011
100203101
100302011
100302101
200202011
200202101
10001003
10011002
10101002
20001002
20011001
20101001
100003013
100003103
100003112
100004003
100004012
100004102
200003012
200003102
200004002
2101013
2201012
2201102
12100013
12101012
12200012
12201002
20101013
20101112
20200013
20201012
20201111
21101012
21101102
21200012
21200102
21201011
21201101
22100012
22100102
22101002
22101011
22101101
22201001
10203002
10302002
10303001
20203001
20302001
3100202
10000001
100010321
10001132
200000321
200002121
200010221
200010311
20001032
200011121
200011301
20001131
200012021
300002021
300010121
300010301
30001031
300011021
10020041
10020131
10030031
10120031
1012004
11020031
1102004
10310201
20201201
20210111
20210201
20211011
20301011
20310011
30201011
10000214
10000304
10000412
20000204
1001021
100100222
101100122
101100212
110100122
110100212
111100202
200000222
200100122
200100212
200100221
201000122
201000212
201100202
201100211
20110022
210000122
210000212
210100202
210100211
21010022
211000202
211100201
300000122
300100202
30010022
301000202
301100201
310000202
310100201
100220111
100230011
100230101
100320011
100320101
101210111
101220011
101220101
101310011
101310101
110210111
110220011
110220101
110310011
110310101
111210011
111210101
20202011
20202101
11011013
11021012
100020113
100021013
100021112
100030013
100030112
100031003
100031012
100031102
101010113
101011013
101011112
101020013
101020112
101021012
101030012
101031002
110010113
110011013
110011112
110020013
110020112
110021012
110030012
110031002
111010013
111010112
111011012
111020012
100010111
100110011
100110101
101010011
101010101
200010011
200010101
100010114
100110014
100110104
100110113
101010014
101010104
101110004
101110013
101110103
101110112
200010014
200010104
200110004
200110013
200110112
201010004
201010013
201010103
201010112
201110012
201110102
201110111
300010004
300110012
301010012
301010102
301110011
301110101
22010003
22020002
22110002
32010002
2100023
2100032
2200022
100000004
100000013
100000103
100000112
200000012
200000102
2200121
2201021
2100212
2102102
100003121
100004021
100004201
10000421
200003021
2101301
12101021
12200021
20201021
21200021
21200201
2120021
22001201
22100021
22100201
2210021
1101002
2100002
100000031
10000004
100000121
10000013
200000021
20000012
100040003
100040102
100041002
200020103
200021003
200021102
200030102
200031002
200031101
200040002
200040101
200041001
300020102
300021002
300031001
300040001
100000034
100000043
100000124
100000133
100000142
200000024
200000042
200000123
200000132
10004012
20004002
10010321
202004
211004
10111013
10210013
10210112
10211012
11210012
12010013
12010112
12011012
12110012
10200104
10020221
11021021
100020221
100021121
100030121
100031021
100031201
101020121
101021021
101030021
110020121
110021021
110030021
111020021
1001012
10000103
10001012
10001102
11001002
21000212
21100202
40000202
2302001
10200041
10200131
100010222
100110122
100110212
101010122
101010212
101110022
101110202
200010122
200110022
200110121
200110202
20011022
201010022
201010121
201010202
201010211
20101022
201110021
20111012
201110201
300010022
300110021
301010021
30101012
301010201
20220101
21120101
21210101
22010111
22020101
22110101
32010101
32100101
210002
2110031
1100042
10000043
10000142
10001042
10100042
11000042
100000022
100000202
100000211
200000201
20010101
20010104
20110112
21010103
21010112
21110102
31010102
100013003
100023002
100032002
100033001
200013002
200022002
200023001
200032001
20000102
20230001
22030001
100100411
101100311
101100401
110100311
110100401
111100301
200100311
200100401
20010041
201000311
201000401
201100301
20110031
210000311
210000401
210100301
21010031
2101004
211000301
300100301
30010031
301000301
310000301
20010131
123000002
124000001
132000002
133000001
142000001
10001312
10010312
10100312
10100321
11000312
10000031
20100203
20100302
21100301
30100301
40000301
10000034
10000124
20000024
20000042
1002401
10210121
10211021
11210021
12010121
12011021
12110021
21011102
21020102
21021101
12300002
12400001
13200002
13300001
100100303
100110203
100110302
101100203
101100302
101110301
200000303
200010302
200100203
200100302
200110301
201000203
201000302
201010301
300000302
2102201
100000301
10010033
10011023
10011032
10110023
10110032
20001023
20010023
20010032
20011031
20101031
100000232
100000313
100000322
200000231
200000312
20010122
20110202
21010202
100023011
100023101
100032011
100032101
200031011
20130101
102300002
103200002
103300001
104200001
112300001
113200001
101211011
101211101
110211011
110211101
111211001
201011111
201101111
201111011
201111101
201201011
201201101
201210011
201210101
201211001
210101111
210110111
210111011
210111101
210201011
210201101
210210011
210210101
21021011
210211001
211011011
211011101
211101011
211101101
211110011
211110101
211111001
211201001
301011011
301011101
301101011
301101101
301111001
301201001
310101011
310101101
310110011
310110101
310111001
310201001
311011001
311101001
20013002
20023001
20032001
24000101
42000101
123000011
123000101
12300011
132000011
132000101
20100311
20100401
21000401
2041001
3040001
10420001
2040002
10040003
10140002
11040002
24002
100110311
100110401
200010401
20001041
10020002
10030001
10120001
11020001
100001003
100011002
100101002
100111001
200001002
200011001
200101001
300001001
100000214
100000304
100000403
100000412
200000204
200000402
20110301
21010301
10000301
1020023
1020032
10020023
10020032
11010023
11010032
10010102
100000241
100000421
12300101
102300011
102300101
103200011
103200101
4001012
102000113
102001013
102001103
102001112
103001012
103001102
112001012
112001102
10004201
10013201
10103201
11003201
40201001
40210001
22010201
22011011
22011101
22111001
102001211
102010211
102011201
102100211
102101201
102110201
112001201
112010201
112100201
120100211
120101111
120101201
120110111
120110201
120111011
120111101
121010201
121011011
121011101
121100201
121101011
121101101
121110011
121110101
121111001
122000201
122001011
122001101
122010011
122010101
122011001
122101001
122110001
100221011
100221101
101221001
200220011
200220101
200221001
201021011
201021101
201120011
201120101
201121001
201220001
300220001
301021001
301120001
100001111
100011011
100011101
100101011
100101101
200001011
200001101
100001114
100011014
100011104
100101014
100101104
100111004
100111013
100111112
200001014
200001104
200011004
200101004
200101013
200101112
200111012
300001004
300101012
102010103
102011102
103010102
201001103
201011003
201011102
202000103
202001003
202001102
202010102
202011002
202011101
203000003
203000102
203001002
203001101
203010002
203010101
203011001
301001003
301001102
301011002
302000102
302001002
302001101
302010101
302011001
303000002
303000101
303001001
303010001
2102012
100001141
100010141
100011041
100011131
10001114
100101041
100101131
100110041
100110131
10011014
100111031
10011104
200001041
200001131
200010041
200010131
20001014
200011031
20001104
200101031
200101121
200110031
20011004
200111021
300001031
300010031
30001004
300101021
10010123
10010132
100001033
100001132
100010033
100010123
100010132
100011023
100011032
100011122
101000132
101001032
101010023
101010032
101010131
101011022
101011031
110000132
110001032
110010023
110010032
110010122
110010131
110011022
110011031
111010022
111010031
102001121
103001021
103001201
112001021
21102101
22102001
101003111
101103011
101103101
102002111
102003011
102003101
102102011
102102101
102103001
110103011
110103101
111003011
111003101
111103001
112002011
112002101
112003001
112102001
120102011
120102101
120103001
121002011
121002101
121003001
121102001
122002001
10020212
10120202
1012022
100101122
100101212
100111022
100111202
200001122
200011022
200101022
200101202
300001022
101003003
102002003
102003002
103002002
103003001
201002003
201003002
202002002
202003001
203002001
301002002
301003001
302002001
10101014
10101104
10111004
20101004
103010201
201011201
202000211
202001111
202001201
202010111
202010201
202011011
203000111
203000201
203001011
203010011
302000201
302001011
302010011
303000011
10001204
10010204
11000204
11001014
11001104
11011004
100001204
100010204
101000204
101001014
101001104
101011004
110000204
110001014
110001104
110010014
110010104
110010212
110011004
111001004
111010004
20200301
22010102
22011002
23010002
23010101
23011001
32011001
33010001
1021004
1201004
100010231
10001024
10100024
101001041
101010041
11000024
110001041
110010041
11101004
102020003
102030002
103020002
103030001
104020001
112020002
112030001
113020001
2301002
100001303
100011302
100101203
100101302
100111301
200001302
200101301
10402001
11202002
101013011
101013101
101113001
102012011
102012101
102013001
102112001
110013011
110013101
110113001
111013001
112012001
1022012
1202012
1202102
230100002
231100001
240100001
330100001
103002011
103002101
201002111
201003011
201003101
202002011
202002101
2020031
301002011
301002101
20101202
100001312
100010312
101000312
101001302
110000312
110001302
22002002
23110001
24010001
23010011
1022021
1202021
1202201
13020101
102020111
102030011
102030101
103020011
103020101
112020011
112020101
100112003
100121003
100122002
100212002
100221002
100222001
200112002
200120003
200121002
200212001
200220002
300120002
100400003
101400002
110400002
111400001
200400002
201400001
210400001
300400001
40002101
20101301
11000402
100001402
100010402
100011401
101000402
101001401
110000402
110001401
230100011
230100101
20040002
20140001
21040001
30040001
120110003
121110002
130110002
131110001
220110002
221010002
221110001
230110001
231010001
320110001
321010001
120000002
130000001
220000001
23101001
32101001
22000001
100212011
100212101
120000023
120000032
130000022
130000031
220000013
220000022
220000031
230000012
230000021
320000012
320000021
100400111
101400011
101400101
110400011
110400101
200400011
200400101
20040011
100102103
100112102
100120103
100121102
101102003
101102102
101111102
101112002
101120102
101121002
101122001
110102003
110102102
110110103
110111102
110112002
110120102
110121002
110122001
111102002
111110102
201001013
201001112
201101003
201101012
201101102
210001013
210001112
210101003
210101012
210101102
211001003
211001012
211001102
211101002
301001012
301101002
310001012
310101002
311001002
20400002
21400001
30400001
2004002
10112012
11012012
100410002
101410001
200410001
201310001
130110011
130110101
220110011
220110101
221010011
221010101
1000031
100200002
100300001
200200001
10041002
20041001
20131001
120000011
120000101
120000014
120000104
130000004
220000004
220000112
20020001
100200023
100200032
100300022
100300031
200200013
200200022
200200031
200300012
200300021
300200012
300200021
120000041
120000131
12000014
13000004
22000004
220000121
101120201
110120201
201101021
201101201
210101021
210101201
10100402
20400011
20400101
100410011
100410101
101111012
201011012
201111002
100200011
100200101
10020011
100200014
100200104
100300004
200200004
200200112
20410001
21310001
100001012
100001102
120000122
120000212
130000202
220000202
22000022
20200001
100200041
100200131
20020004
200200121
100001042
200001023
200001032
101004011
101004101
101014001
101104001
110004011
110004101
110014001
110104001
111004001
20200031
200130002
201120002
201130001
210120002
210130001
211120001
300130001
310120001
21012002
21013001
21112001
31012001
120000203
120000302
130000301
210000203
210000302
220000301
201011021
100200122
100200212
100300202
200200202
20020022
100001021
100001201
21011012
22000031
20200004
200130011
200130101
210120011
210120101
21012011
1002002
100200203
100200302
100300301
200200301
120101003
120111002
130101002
130111001
210111002
220101002
220111001
230101001
320101001
211010102
211011002
400000103
400001003
400001102
400010102
400011002
400011101
401000102
401001002
401011001
410000102
410001002
410011001
100140002
101040002
200140001
201040001
20020031
100020002
100030001
200020001
1010042
10002002
10003001
20002001
100020023
100020032
100030022
100030031
200010023
200010032
200020013
200020022
200020031
200030012
200030021
300020012
300020021
2101031
100401002
100411001
200401001
23200001
123100001
132100001
130101011
130101101
220101011
220101101
211010201
400010201
400011011
200040011
12310001
40010102
40011002
121010102
121011002
131011001
140011001
100020014
100020104
100030004
200020004
200020112
122010002
122020001
202020002
202030001
212020001
220020002
220030001
221020001
222010001
2101202
100020041
100020131
10002014
10003004
20002004
200020121
1012001
1102001
211002011
211002101
211003001
311002001
400002011
400002101
400003001
401002001
410002001
10121012
10010201
23100101
100102013
100102112
100112012
200102012
200102102
111003002
121002002
131002001
140002001
101210102
101211002
101311001
110210102
110211002
110311001
100020122
100020212
200020202
200030201
20040101
10020101
203100002
204000002
204100001
213000002
213100001
214000001
303100001
304000001
313000001
102100013
102100022
102100031
112100012
112100021
120100013
120100022
120100031
121000022
121000031
121100012
121100021
122000012
122000021
10121021
101103002
101202002
101203001
101302001
110103002
110202002
110203001
110302001
111202001
200102021
200020301
10102001
11002001
101210201
110210201
12020201
12021011
12021101
12121001
102020201
10202021
102021011
102021101
102120011
102120101
102121001
112021001
112120001
20102012
101012012
110012012
20002031
203100011
203100101
204000011
204000101
213000011
213000101
12000104
12100004
102000014
102000104
102100004
102100103
102100112
112000004
112100102
120100004
120100103
120100112
121000004
121100102
122000102
12301001
21301001
22300001
10201022
10210022
10202201
10220201
10210004
102100121
12010004
120100121
12010022
203110001
204010001
202000001
101202011
101202101
110202011
110202101
100131002
200131001
101000021
110000021
20401001
402000011
402000101
403000001
412000001
10204001
202000013
202000022
202000031
203000012
203000021
302000012
302000021
12010001
102210011
102210101
202110011
202110101
212010011
212010101
102220001
103120001
103210001
102100202
120100202
121000202
121101002
122001002
202101002
202111001
212001002
212011001
212101001
221001002
221011001
221101001
222001001
120210011
120210101
121210001
123010001
202000112
202000121
202000202
212000012
212000021
212000102
212000201
221000012
221000021
221000102
221000201
202001021
212001011
212001101
220001021
221001011
221001101
100013102
100014002
202101011
202101101
102010004
102010013
102010112
102110012
102110102
110110004
110110013
110110112
111110012
112010012
112010102
213010001
223000001
232000001
101212001
110212001
110221001
10040102
110040002
202300001
220300001
104002001
112002002
113002001
230200001
101000012
101000102
101000201
110000012
110000102
110000201
101001011
101001101
110001011
110001101
111001001
21202001
100010201
101011001
110010011
110010101
110011001
111010001
23020001
101101001
110101001
110110001
100013201
102010001
102100001
120100001
121000001
102010022
102010121
102010202
102110021
110110022
110110202
112010021
100040201
10004021
20320001
220001012
102010301
102100301
110100203
110100302
110110301
42010001
10100204
202000301
10201004
10202012
10202102
10220102
12020102
12021002
100001024
101000024
110000024
12012002
102020102
102021002
102101102
102120002
102201002
102211001
112201001
120101102
120110102
120201002
120210002
120211001
121201001
202000004
202001012
102201011
102201101
120201011
120201101
100002032
100003022
100003031
101003012
101003021
110003012
110003021
201021002
201201002
200201012
101001002
110001002
100010102
110010002
12000401
102000311
102000401
10201031
10210031
12010031
10002011
10002101
101110031
102010031
110110031
100110023
100110032
200201021
200002022
230020001
320020001
203101001
302101001
101101004
110101004
110111012
101000042
110000042
101101031
110101031
21012101
100101023
100101032
101101022
110101022
131101001
140101001
140110001
200230001
200320001
120000311
120000401
120100301
121000301
200002031
220020011
220020101
402000002
402100001
420100001
101101202
110101202
101101301
110101301
200021012
400101002
400110002
400111001
401101001
401110001
410101001
410110001
100003202
101003102
101003201
110003102
110003201
212002001
221002001
10002104
402010001
100002011
100002101
100003001
101002001
110002001
10102004
11002004
400000001
100002014
100002104
100003004
101002004
110002004
101004002
110004002
101013002
110013002
100104002
100113002
102012002
102102002
120102002
211002002
100002002
400000013
400000022
400000031
401000012
410000012
100002041
100101311
100101401
200021021
101200202
101200301
110200202
110200301
102400001
120400001
100002302
2102021
400000004
400000112
132010001
21020201
100200311
100200401
202020011
202020101
102101012
120101012
100020011
100020101
101020001
110020001
102310001
110410001
100401011
100401101
400000202
203200001
400001012
400002002
210110102
101200022
101200031
110200022
110200031
102101021
120101021
400000301
101023001
101032001
110023001
110032001
102011012
101200004
110200004
201102002
201103001
210102002
210103001
211102001
301102001
310102001
210201002
103000004
210110201
101401001
110401001
200120102
201020102
102130001
120120002
120130001
121120001
101200001
110200001
102011021
201010031
201102011
201102101
210102011
210102101
202120001
302020001
201012002
201013001
201112001
301012001
201020201
120120011
120120101
400101011
400101101
400110011
400110101
102040001
203020001
101020022
101020031
110020022
110020031
201012011
201012101
200002001
200002004
101020004
110020004
101102012
110102012