23
32
100013
100022
100031
200003
200012
200021
20003
300002
300011
30002
113
122
131
203
212
221
302
311
2033
3023
3032
11033
12023
12032
13013
13022
13031
20033
21023
21032
22013
22022
22031
23003
23012
23021
2303
30023
30032
31013
31022
31031
32003
32012
32021
3203
33002
33011
3302
233
323
332
1133
1223
1232
1313
1322
1331
2123
2132
2213
2222
2231
2312
2321
3113
3122
3131
3212
3221
3311
1103
1202
1301
2003
2102
2201
3002
3101
2
1001
1000133
1000223
1000232
1000313
1000322
1000331
2000033
2000123
2000132
2000213
2000222
2000231
2000303
2000312
2000321
200033
3000023
3000032
3000113
3000122
3000131
3000203
3000212
3000221
300023
3000302
3000311
300032
101003
102002
103001
201002
202001
301001
100103
100202
100301
200102
200201
300101
11
1010033
1020023
1020032
1030013
1030022
1030031
2010023
2010032
2020013
2020022
2020031
2030003
2030012
2030021
203003
3010013
3010022
3010031
3020003
3020012
3020021
302003
3030002
3030011
303002
110003
120002
130001
210002
220001
310001
11303
12203
12302
13103
13202
13301
20303
21203
21302
22103
22202
22301
23102
23201
30203
30302
31103
31202
31301
32102
32201
33101
101
1001033
1002023
1002032
1003013
1003022
1003031
2001023
2001032
2002013
2002022
2002031
2003003
2003012
2003021
200303
3001013
3001022
3001031
3002003
3002012
3002021
300203
3003002
3003011
300302
10103
10202
10301
20102
20201
30101
1010303
1020203
1020302
1030103
1030202
1030301
2010203
2010302
2020103
2020202
2020301
2030102
2030201
3010103
3010202
3010301
3020102
3020201
3030101
1100003
1200002
1300001
2000003
2100002
2200001
3000002
3100001
10013
10022
10031
20012
20021
30011
1001303
1002203
1002302
1003103
1003202
1003301
2001203
2001302
2002103
2002202
2002301
2003102
2003201
3001103
3001202
3001301
3002102
3002201
3003101
1013
1022
1031
2012
2021
3011
1013003
1022003
1023002
1031003
1032002
1033001
2012003
2013002
2021003
2022002
2023001
2031002
2032001
3011003
3012002
3013001
3021002
3022001
3031001
100133
100223
100232
100313
100322
100331
200123
200132
200213
200222
200231
200312
200321
300113
300122
300131
300212
300221
300311
11003
12002
13001
21002
22001
31001
110033
120023
120032
130013
130022
130031
210023
210032
220013
220022
220031
230003
230012
230021
310013
310022
310031
320003
320012
320021
330002
330011
10001
101033
102023
102032
103013
103022
103031
201023
201032
202013
202022
202031
203012
203021
301013
301022
301031
302012
302021
303011
110303
120203
120302
130103
130202
130301
210203
210302
220103
220202
220301
230102
230201
310103
310202
310301
320102
320201
330101
1100033
1200023
1200032
1300013
1300022
1300031
2100023
2100032
2200013
2200022
2200031
2300003
2300012
2300021
3100013
3100022
3100031
3200003
3200012
3200021
3300002
3300011
1000001
101303
102203
102302
103103
103202
103301
201203
201302
202103
202202
202301
203102
203201
301103
301202
301301
302102
302201
303101
113003
122003
123002
131003
132002
133001
212003
213002
221003
222002
223001
231002
232001
311003
312002
313001
321002
322001
331001
1100303
1200203
1200302
1300103
1300202
1300301
2100203
2100302
2200103
2200202
2200301
2300102
2300201
3100103
3100202
3100301
3200102
3200201
3300101
1130003
1220003
1230002
1310003
1320002
1330001
2120003
2130002
2210003
2220002
2230001
2310002
2320001
3110003
3120002
3130001
3210002
3220001
3310001
10133
10223
10232
10313
10322
10331
20123
20132
20213
20222
20231
20312
20321
30113
30122
30131
30212
30221
30311
1103003
1202003
1203002
1301003
1302002
1303001
2102003
2103002
2201003
2202002
2203001
2301002
2302001
3101003
3102002
3103001
3201002
3202001
3301001
100001
1000013
1000022
1000031
2000012
2000021
3000011
1000103
1000202
1000301
2000102
2000201
3000101
1010003
1020002
1030001
2010002
2020001
3010001
1001003
1002002
1003001
2001002
2002001
3001001