1
10003
20002
100003
110002
120001
200002
210001
22
300001
31
2002
3001
101002
102001
103
201001
202
301
20023
30013
30022
1010023
1020013
1020022
1030003
1030012
1030021
2000023
2010013
2010022
2020003
2020012
2020021
2030002
2030011
203002
3000013
3000022
3010003
3010012
3010021
3020002
3020011
302002
3030001
303001
2332
3232
3322
3331
11332
12232
12322
12331
13132
13222
13231
13312
13321
1333
20332
21232
21322
21331
22132
22222
22231
22312
22321
2233
23032
23122
23131
23212
23221
2323
23302
23311
30232
30322
30331
31132
31222
31231
31312
31321
3133
32032
32122
32131
32212
32221
3223
32302
32311
33022
33031
33112
33121
3313
33202
33211
33301
22033
31033
32023
112033
121033
122023
122032
130033
131023
131032
132013
132022
132031
202033
211033
212023
212032
220033
221023
221032
222013
222022
222031
230023
230032
231013
231022
231031
232003
232012
232021
23203
301033
302023
302032
310033
311023
311032
312013
312022
312031
320023
320032
321013
321022
321031
322003
322012
322021
32203
330013
330022
330031
331003
331012
331021
33103
332002
332011
223
313
322
1123
1213
1222
1303
1312
1321
2023
2113
2122
2203
2212
2221
2302
2311
232
3013
3022
3103
3112
3121
3202
3211
3301
331
22303
31303
112303
121303
122203
122302
130303
131203
131302
132103
132202
132301
202303
211303
212203
212302
220303
221203
221302
222103
222202
222301
230203
230302
231103
231202
231301
232102
232201
301303
302203
302302
310303
311203
311302
312103
312202
312301
320203
320302
321103
321202
321301
322102
322201
330103
330202
330301
331102
331201
332101
20032
30031
1010032
1020031
103003
2000032
2010031
202003
3000031
301003
10333
11233
11323
12133
12223
12313
20233
20323
21133
21223
21313
22123
22213
30133
30223
30313
31123
31213
32113
13
1003
1012
1021
2011
1102
1201
2101
133
10033
10123
10132
10213
10222
10231
20113
20122
20131
20203
20212
20221
30103
30112
30121
30202
30211
1003003
1102003
1103002
1201003
1202002
1203001
1300003
1301002
1302001
2002003
2003002
2101003
2102002
2103001
2200003
2201002
2202001
2300002
2301001
11002
12001
21001
30001
100033
110023
110032
120013
120022
120031
200023
200032
210013
210022
210031
220003
220012
220021
22003
300013
300022
300031
310003
310012
310021
31003
320002
320011
32002
100303
101203
101302
102103
102202
102301
103102
103201
1033
200203
200302
201103
201202
201301
202102
202201
203101
2032
112
121
211
13033
13123
13213
23023
23113
33013
13003
23002
33001
112003
113002
121003
122002
123001
130003
131002
132001
211003
212002
213001
221002
222001
230002
231001
1000333
1010233
1010323
1010332
1020133
1020223
1020232
1020313
1020322
1020331
2000233
2000323
2000332
2010133
2010223
2010232
2010313
2010322
2010331
2020033
2020123
2020132
2020213
2020222
2020231
2020303
2020312
2020321
3000133
3000223
3000232
3000313
3000322
3000331
3010033
3010123
3010132
3010213
3010222
3010231
3010303
3010312
3010321
3020023
3020032
3020113
3020122
3020131
3020203
3020212
3020221
3020302
3020311
10303
11203
11302
12103
12202
12301
20302
21103
21202
21301
22102
22201
30301
31102
31201
32101
110203
110302
120103
120202
120301
130102
130201
210103
210202
210301
220102
220201
230101
103033
203023
203032
303013
303022
303031
1003033
1102033
1103023
1103032
1201033
1202023
1202032
1203013
1203022
1203031
1300033
1301023
1301032
1302013
1302022
1302031
1303003
1303012
1303021
2002033
2003023
2003032
2101033
2102023
2102032
2103013
2103022
2103031
2200033
2201023
2201032
2202013
2202022
2202031
2203003
2203012
2203021
2300023
2300032
2301013
2301022
2301031
2302003
2302012
2302021
2303002
2303011
1000003
1001002
1002001
2000002
2001001
10012
10021
20011
10312
10321
20311
100333
101233
101323
101332
102133
102223
102232
102313
102322
102331
103123
103132
103213
103222
103231
103303
103312
103321
200233
200323
200332
201133
201223
201232
201313
201322
201331
202123
202132
202213
202222
202231
202312
202321
203113
203122
203131
203203
203212
203221
203302
203311
13102
13201
23101
113023
113032
123013
123022
123031
133003
133012
133021
13303
213013
213022
213031
223003
223012
223021
233002
233011
1132
1231
2131
3031
110323
120223
120313
120322
130123
130213
130222
130312
130321
210223
210313
210322
220123
220213
220222
220312
220321
230113
230122
230212
230221
230311
300223
300313
300322
310123
310213
310222
310312
310321
320113
320122
320212
320221
320311
330112
330121
330211
100102
100201
200101
1000033
1001023
1001032
1002013
1002022
1002031
1003012
1003021
2001013
2001022
2001031
2002012
2002021
2003011
3002002
3003001
3101002
3102001
3200002
3201001
3300001
10102
10201
20101
1030303
1120303
1130203
1130302
1210303
1220203
1220302
1230103
1230202
1230301
2030203
2030302
2110303
2120203
2120302
2130103
2130202
2130301
2200303
2210203
2210302
2220103
2220202
2220301
2230003
2230102
2230201
3030103
3030202
3030301
3100303
3110203
3110302
3120103
3120202
3120301
3130003
3130102
3130201
3200203
3200302
3210103
3210202
3210301
3220003
3220102
3220201
3230002
3230101
1100002
1200001
2100001
3001003
3100003
313003
313012
313021
323002
323011
1123003
1213003
1222003
1223002
1312003
1313002
1321003
1322002
1323001
2023003
2113003
2122003
2123002
2212003
2213002
2221003
2222002
2223001
2311003
2312002
2313001
2320003
2321002
2322001
3013003
3022003
3023002
3103003
3112003
3113002
3121003
3122002
3123001
3202003
3203002
3211003
3212002
3213001
3221002
3222001
3301003
3302002
3303001
3310003
3311002
3312001
3320002
3321001
1100023
1100032
1200013
1200022
1200031
1300012
1300021
2100013
2100022
2100031
2200012
2200021
2300011
100123
100132
100213
100222
100231
100312
100321
200113
200122
200131
200212
200221
200311
3001012
3001021
3002011
300202
300301
130012
130021
230011
3000001
1003303
1012303
1013203
1013302
1021303
1022203
1022302
1023103
1023202
1023301
1031203
1031302
1032103
1032202
1032301
1033003
1033102
1033201
2002303
2003203
2003302
2011303
2012203
2012302
2013103
2013202
2013301
2021203
2021302
2022103
2022202
2022301
2023102
2023201
2031103
2031202
2031301
2032003
2032102
2032201
2033002
2033101
1012003
1013002
1021003
1022002
1023001
2011003
2012002
2013001
2021002
2022001
3011002
3012001
3021001
1000012
1000021
2000011
300103
301102
301201
302101
3100012
3100021
3200011
330001
1012033
1013023
1013032
1021033
1022023
1022032
1023013
1023022
1023031
2011033
2012023
2012032
2013013
2013022
2013031
2021023
2021032
2022013
2022022
2022031
2023012
2023021
3001033
3002023
3002032
3003013
3003022
3003031
3011023
3011032
3012013
3012022
3012031
3013012
3013021
3021013
3021022
3021031
3022012
3022021
3023011
1010203
1020103
1020202
1030102
1030201
2000203
2010103
2010202
2020102
2020201
2030101
3000103
3000202
3010102
3010201
3020101
1300303
1310203
1310302
1320103
1320202
1320301
1330003
1330102
1330201
2300203
2300302
2310103
2310202
2310301
2320102
2320201
2330002
2330101
1120003
1210003
1220002
1310002
1320001
2110003
2120002
2210002
2220001
2310001
3110002
3120001
3210001
300112
300121
300211
311002
312001
321001
101023
102013
102022
103012
103021
201013
201022
202012
202021
203011
301012
301021
302011
1030033
1030123
1030132
1030213
1030222
1030231
2030023
2030032
2030113
2030122
2030131
2030212
2030221
3030013
3030022
3030031
3030112
3030121
3030211
301123
301213
301222
301312
301321
302113
302122
302212
302221
302311
303103
303112
303121
303202
303211
303301
1000303
1010302
1020301
2000302
2010301
1120033
1210033
1220023
1220032
1310023
1310032
1320013
1320022
1320031
2110033
2120023
2120032
2210023
2210032
2220013
2220022
2220031
2310013
2310022
2310031
2320012
2320021
3100033
3110023
3110032
3120013
3120022
3120031
3200023
3200032
3210013
3210022
3210031
3220012
3220021
3300013
3300022
3300031
3310012
3310021
3320011
1010002
1020001
2010001
300232
300331
301132
301231
302131
1102303
1103203
1103302
1201303
1202203
1202302
1203103
1203202
1203301
2101303
2102203
2102302
2103103
2103202
2103301
2201203
2201302
2202103
2202202
2202301
2203102
2203201
3001303
3002203
3002302
3003103
3003202
3003301
3101203
3101302
3102103
3102202
3102301
3103102
3103201
3201103
3201202
3201301
3202102
3202201
3203101
1132003
1133002
1231003
1232002
1233001
2131003
2132002
2133001
2231002
2232001
3031003
3032002
3033001
3131002
3132001
3231001
110332
120232
120331
130132
130231
210232
210331
220132
220231
230131
310132
310231
320131
333001
3011203
3011302
3012103
3012202
3012301
3021103
3021202
3021301
3022102
3022201
3031102
3031201
3032101
113302
123202
123301
133102
133201
213202
213301
223102
223201
233101
313102
313201
323101
1001332
1002232
1002322
1002331
1003132
1003222
1003231
1003312
1003321
2001232
2001322
2001331
2002132
2002222
2002231
2002312
2002321
2003122
2003131
2003212
2003221
2003311
3001132
3001222
3001231
3001312
3001321
300133
3002122
3002131
3002212
3002221
3002311
3003112
3003121
3003211
3013102
3013201
3023101
1100332
1200232
1200322
1200331
1300132
1300222
1300231
1300312
1300321
2100232
2100322
2100331
2200132
2200222
2200231
2200312
2200321
2300122
2300131
2300212
2300221
2300311
3100132
3100222
3100231
3100312
3100321
3200122
3200131
3200212
3200221
3200311
3300112
3300121
3300202
3300211
3300301
3101032
3102022
3102031
3103012
3103021
3201022
3201031
3202012
3202021
3203011
3301012
3301021
3302011
1301302
1302202
1302301
1303102
1303201
2301202
2301301
2302102
2302201
2303101
3301102
3301201
3302101
110233
120133
210133
101032
102031
201031
1030312
1030321
2030311
3310102
3310201
3320101
3330001
113203
123103
213103
11032
12022
12031
13012
13021
21022
21031
22012
22021
23011
31012
31021
32011
310102
310201
320101
1000132
1000222
1000231
1000312
1000321
2000122
2000131
2000212
2000221
2000311
3000112
3000121
3000211
3000301
1001302
1002202
1002301
1003102
1003201
2001202
2001301
2002102
2002201
2003101
3001102
3001201
3002101
1031002
1032001
2031001
11023
12013
21013
1301203
1302103
2301103
3300103
1100302
1200202
1200301
1300102
1300201
2100202
2100301
2200102
2200201
2300101
3100102
3100201
3200101
100012
100021
200011
1130002
1230001
2130001
1000102
1000201
2000101
1001323
1002223
1002313
1003123
1003213
2001223
2001313
2002123
2002213
2003113
3001123
3001213
3002113
1031023
1032013
1032022
1033012
1033021
2031013
2031022
2032012
2032021
2033011
3031012
3031021
3032011
3101023
3102013
3201013
1331002
1332001
2331001
1130023
1130032
1230013
1230022
1230031
2130013
2130022
2130031
2230012
2230021
3130012
3130021
3230011
1000123
1000213
2000113
1001203
1002103
2001103
1001233
1002133
2001133
1031032
1032031
2031031
1100233
1200133
1200223
1300123
1300213
2100133
2100223
2200123
2200213
2300113
3100123
3100213
3200113
1100203
1200103
2100103
1100323
1200313
2100313
1330012
1330021
2330011