124
214
223
1024
1114
1123
1204
1213
1222
2014
2023
2104
2113
2122
2203
2212
2221
3004
3013
3022
3103
3112
3121
3202
3211
322
4003
4012
4021
4102
4111
412
4201
421
11113
12013
12103
12112
13003
13012
13102
13111
14002
14011
14101
1411
101113
102013
102103
102112
103003
103012
103102
103111
104002
104011
104101
10411
110113
111013
111103
111112
112003
112012
112102
112111
113002
113011
113101
11311
114001
11401
1141
1001113
1002013
1002103
1002112
1003003
1003012
1003102
1003111
1004002
1004011
1004101
100411
1010113
1011013
1011103
1011112
1012003
1012012
1012102
1012111
1013002
1013011
1013101
101311
1014001
101401
10141
1100113
1101013
1101103
1101112
1102003
1102012
1102102
1102111
1103002
1103011
1103101
110311
1104001
110401
11041
1110013
1110103
1110112
1111003
1111012
1111102
1111111
1112002
1112011
1112101
111211
1113001
111301
11131
133
232
313
331
10000033
10000123
10000132
10000213
10000222
10000231
10000303
10000312
10000321
1000033
20000023
20000032
20000113
20000122
20000131
20000203
20000212
20000221
2000023
20000302
20000311
2000032
30000013
30000022
30000031
30000103
30000112
30000121
3000013
30000202
30000211
3000022
30000301
3000031
200113
201013
201103
201112
210013
210103
210112
211003
211012
211102
211111
300013
300103
300112
301003
301012
301102
301111
310003
310012
310102
310111
311002
311011
311101
31111
400003
400012
400102
400111
401002
401011
401101
40111
410002
410011
410101
41011
411001
41101
1200013
1200103
1200112
1201003
1201012
1201102
1201111
1210003
1210012
1210102
1210111
1211002
1211011
1211101
121111
1300003
1300012
1300102
1300111
1301002
1301011
1301101
130111
1310002
1310011
1310101
131011
1311001
131101
1400002
1400011
1400101
140011
1401001
140101
1410001
141001
2002111
2003011
2003101
200311
3001111
3002011
3002101
300211
3003001
300301
30031
10003111
11002111
11003011
11003101
1100311
12001111
12002011
12002101
1200211
12003001
1200301
120031
13000111
13001011
13001101
13002001
1300201
130021
20002111
20003011
20003101
2000311
21001111
21002011
21002101
2100211
21003001
2100301
210031
22000111
22001011
22001101
2200111
22002001
2200201
220021
22003
23000011
23000101
2300011
23001001
2300101
230011
23002
30001111
30002011
30002101
3000211
30003001
3000301
300031
31000111
31001011
31001101
3100111
31002001
3100201
310021
31003
32000011
32000101
3200011
32001001
3200101
320011
32002
33000001
3300001
330001
33001
1111
2011
2101
211
3001
301
31
100111
101011
101101
10111
102001
10201
1021
103
200011
200101
20011
201001
20101
202
300001
30001
4
13
112
100003
100012
100102
200002
403
1303
1402
10303
10402
11203
11302
10000402
10001203
10001302
10001401
10010203
10010302
10010401
10011103
10011202
10011301
100114
20000401
20001103
20001202
20001301
200014
20010103
20010202
20010301
200104
20011003
20011102
20011201
300004
30001003
30001102
30001201
30010003
30010102
30010201
30011002
30011101
10222
20122
20212
20221
30022
30112
30121
30202
30211
1000222
1010122
1010212
1010221
1020022
1020112
1020121
1020202
1020211
102022
1030012
1030021
1030102
1030111
1030201
103021
2000122
2000212
2000221
2010022
2010112
2010121
2010202
2010211
201022
2020012
2020021
2020102
2020111
202012
2020201
202021
2030002
2030011
203002
2030101
203011
20302
3000112
3000121
3000202
300022
3010012
3010021
3010102
3010111
3010201
301021
3020002
3020011
302002
3020101
302011
3030001
303001
30301
1
1003
1012
1102
2002
10213
11212
12202
12211
10001113
10001212
10002013
10002103
10002112
10002202
10002211
10010113
10010212
10011013
10011112
10011211
10012003
10012012
10012102
10012111
10012201
1001221
20001013
20001112
20001211
20002003
20002012
20002102
20002201
20010013
20010112
20010211
20011012
20011111
2001121
20012002
20012011
20012101
2001211
200122
30001012
30002002
30010012
30010111
3001021
30011011
30012001
3001201
300121
10001122
10001221
10002022
10002121
10003012
10003021
10003102
1000312
10003201
1000321
20001022
20001121
20002021
20003002
2000302
200032
30001021
2302
3301
43
12301
13201
142
100303
101203
101302
102202
102301
103201
1033
1042
110203
110302
111202
112201
1132
1312
1321
10312
10321
11122
11221
100222
100312
100321
101122
101212
101221
10132
110122
110212
110221
11032
111022
111121
200212
200221
200302
20032
201121
201202
201211
201301
20131
210022
210121
210202
210211
21022
210301
21031
211021
21112
211201
21121
300202
301201
31012
310201
31021
31102
10003
10102
100201
110002
110101
1000003
1000102
1000201
1010002
1010101
1100002
1100101
11002
1110001
11101
12121
102121
102211
112021
1002121
1002211
1011121
1011211
1012021
1012201
1100221
1101121
1101211
1102021
1102201
1110121
1110211
1111021
1111201
10010221
10011121
1001122
10012021
1001212
10100221
10101121
10101211
10102021
10102111
10102201
10110121
10110211
1011022
10111021
10111111
10111201
10112011
1011202
10112101
11000221
11001121
11001211
1100122
11002021
1100212
11002201
11010121
11010211
1101022
11011021
11011111
11011201
11012011
1101202
11012101
11100121
11100211
1110022
11101021
11101111
11101201
11102011
1110202
11102101
11110021
11110111
11110201
11111011
11111101
11112001
100001221
100002121
100002211
100010221
100011121
100011211
100012021
100012111
100012201
100100221
100101121
100101211
10010122
100102021
100102111
100102201
100110121
100110211
10011022
100111021
100111111
100111201
100112011
100112101
101000221
101001121
101001211
10100122
101002021
101002111
10100212
101002201
101010121
101010211
10101022
101011021
101011111
10101112
101011201
101012011
10101202
101012101
101100121
101100211
10110022
101101021
101101111
10110112
101101201
101102011
10110202
101102101
101110021
101110111
10111012
101110201
101111011
10111102
101111101
101112001
110000221
110001121
110001211
11000122
110002021
110002111
11000212
110002201
110010121
110010211
11001022
110011021
110011111
11001112
110011201
110012011
11001202
110012101
110100121
110100211
11010022
110101021
110101111
11010112
110101201
110102011
11010202
110102101
110110021
110110111
11011012
110110201
110111011
11011102
110111101
110112001
111000121
111000211
11100022
111001021
111001111
11100112
111001201
111002011
11100202
111002101
111010021
111010111
11101012
111010201
111011011
11101102
111011101
111012001
111100021
111100111
11110012
111100201
111101011
11110102
111101101
111102001
111110011
11111002
111110101
111111001
20203
30103
1000303
1010203
1010302
1020103
1020301
1030003
10020103
10020202
10020301
10030003
10030102
10030201
11000203
11000302
11010103
11010301
11020003
11020102
11020201
11030002
11030101
100000303
100010203
100010302
100020103
100020202
100020301
100030003
100030102
100030201
101000203
101000302
101010103
101010202
101010301
101020003
101020102
101020201
101030002
101030101
110000203
110000302
110010103
110010202
110010301
110020003
110020102
110020201
1100203
110030002
110030101
1100302
111000103
111000202
111000301
111010003
111010102
111020002
111020101
111030001
1110301
20041
100141
110041
110131
11014
12004
120121
200041
200131
20014
21004
21013
220111
22012
230101
23011
30004
30013
320101
32011
2032
3031
10033
11023
12022
12031
13021
100033
101023
101032
102031
110023
110032
111031
2041
2131
304
101041
101131
10114
10204
201031
20104
20113
202111
203101
20311
302101
1000042
1000123
1000132
1000141
1001023
1001032
1001041
1001131
2000041
2000113
2000131
2001013
2001022
2001031
2001103
2001112
3000103
3001003
3001012
3001102
1201201
1210201
121021
2011111
2011201
2101111
2101201
2110111
2110201
2111011
2111101
2201011
2201101
2210011
2210101
221011
22102
2211001
221101
22111
2301001
2310001
231001
23101
2311
3011011
3011101
3101011
3101101
3110011
3110101
3111001
3201001
3210001
321001
32101
11104
21103
21202
21211
31201
40003
40012
40102
40201
41002
400021
400201
40021
1200121
120022
1201021
120112
1300021
130012
130102
140002
10200121
10200211
10201021
10201111
10201201
10300021
10300111
10300201
10301011
10301101
10400011
1040002
10400101
1040011
10401001
1040101
11200021
11200111
1120012
11200201
1120021
11201011
1120102
11201101
1120111
11300011
1130002
11300101
1130011
11301001
1130101
11400001
1140001
1010041
1010131
101014
1011031
101104
1020031
102004
1021021
1021111
1100041
1100131
110014
1101031
110104
1110031
111004
1121011
1121101
1200031
120004
120013
120103
1210021
121003
121012
121102
1220011
122002
1220101
122011
1221001
122101
204001
20401
212011
212101
213001
21301
312001
402001
241
1231
10042
10123
10231
1002022
1002031
1003021
1100023
1100032
10001023
10001032
10002031
10003003
10100023
10100032
10101013
10101031
10102003
10102012
10103002
10103011
11000023
11000032
11001013
11001031
11002003
11002012
11003002
11100013
11100031
11101003
11102002
11103001
22
121
100021
10012
10021
1000012
1000021
1000111
1100011
110011
10000012
10000021
10000102
10000111
10000201
10100002
10100011
10100101
1010011
101002
11000002
11000011
11000101
11100001
111001
1230001
123001
1320001
132001
2120011
2120101
2130001
2220001
222001
22201
3120001
31000003
40000003
41000002
121000003
130000003
131000002
140000002
141000001
211000003
220000003
221000002
230000002
231000001
240000001
301000003
310000003
311000002
320000002
321000001
330000001
34
400000003
401000002
410000002
411000001
420000001
11011
1020013
1021003
1021012
1021102
1031002
1031011
1031101
2010013
2010103
2011003
2011012
2011102
2020003
2021002
2021011
2021101
2031001
3010003
3011002
3021001
130003
131002
1022002
1023001
1032001
1120003
1121002
1122001
1131001
10013002
10021003
10022002
10023001
10031002
10032001
10111003
10112002
10113001
10120003
10121002
10122001
10130002
10131001
11011003
11012002
11013001
11021002
11022001
11031001
11110003
11120002
11121001
11130001
120001
12001
1201
210001
21001
1020001
1200001
2000011
2000101
2010001
2100001
210004
220003
220012
220102
1000114
1010014
1010104
1020004
1100014
1100104
1110004
1200004
1220002
2000014
2000104
2010004
2100004
2100013
2100103
2100112
2110003
2110012
2110102
2120002
2200003
2200012
2200102
2210002
2401
100000411
100001311
100001401
10000141
100002301
1000024
100003111
100003201
200000311
200000401
20000041
200001211
200001301
200002111
200002201
200003011
200003101
300000211
300000301
3000004
300001111
300001201
300002011
300002101
300003001
100123
100132
200023
120211
121201
130201
1021201
1041001
1120201
10020211
10021111
10021201
10030111
10031011
10031101
10040011
10040101
100402
10041001
10120111
10120201
10121011
10121101
10130011
10130101
10140001
11020111
11021011
11021101
11030011
11040001
11120011
11120101
3100003
4000003
4100002
12100003
13000003
13100002
14000002
14100001
21100003
22000003
22100002
23000002
23100001
24000001
30100003
31100002
32000002
32100001
40100002
41100001
42000001
100020211
100021111
100021201
100022011
100022101
100120111
100120201
100121011
100121101
100122001
200010211
200011111
200011201
200012011
200012101
200020111
200020201
200021011
200021101
200022001
200100211
200101111
200101201
20010121
200102011
200102101
200110111
200110201
20011021
200111011
200111101
200112001
200120011
200120101
2001202
200121001
300010111
300010201
300011011
300011101
300012001
300020011
300020101
300021001
300100111
300100201
30010021
300101011
300101101
300102001
300110011
300110101
300111001
300120001
202201
1001203
1001302
1002202
1002301
1003201
1011301
1101301
10002301
200203
200401
120202
20002
202102
10021102
10022101
10101103
10102102
10110103
10120102
20020003
20020102
20021002
20021101
20022001
20100103
20101003
20101102
20102002
20102101
20110003
20110102
20111002
20111101
20112001
20120002
20120101
20121001
30020002
30020101
30021001
30100102
30101002
30101101
30102001
30110002
30110101
30111001
30120001
1022101
11001103
11002102
100001203
100002103
100002202
100011103
100011202
100012003
100012102
100021003
100021102
100022002
101001103
101001202
101002003
101002102
101011003
101011102
101012002
101021002
101021101
101022001
110001103
110001202
110002003
110002102
110011003
110011102
110012002
110021002
110021101
110022001
111001003
111001102
111002002
111011002
111021001
1200202
2000203
2010301
2100202
10100203
10100302
10110301
10200103
10200202
10200301
10210003
10210102
10210201
11100103
11100301
11200003
11200102
11210002
11210101
12000103
12000202
12000301
12010003
12010102
12010201
12100102
12100201
12110002
12110101
12200002
12200101
12210001
1000213
1000231
2000002
3000001
10000003
12000001
100000003
101000002
102000001
110000002
111000001
20023
1000411
1010311
1010401
10000411
10010311
100204
11000311
11000401
100010311
100010401
10001041
1000204
100030111
101000311
101000401
10100041
101020111
101030011
110000311
110000401
11000041
110020111
110030011
111020011
1100401
10100311
10100401
2002003
2002012
2002102
2002201
2012002
2012011
2012101
3002002
3012001
100213
10100113
11000113
100231
10024
100024
100042
120301
220201
230002
320002
10200001
4000012
4000021
12000013
12000022
12000031
13000012
13000021
14000011
100000033
101000023
101000032
102000013
102000022
102000031
103000003
103000012
103000021
10300003
104000002
104000011
10400002
110000023
110000032
111000013
111000022
111000031
112000003
112000012
112000021
113000002
113000011
11300002
114000001
100300003
101200003
101300002
110200003
110300002
111100003
111200002
111300001
200200003
200300002
201100003
201200002
201300001
210100003
210200002
210300001
211100002
211200001
300100003
300200002
300300001
301100002
301200001
310100002
310200001
311100001
400100002
400200001
401100001
410100001
10004002
10004101
10013101
10014001
10103101
10104001
11004001
40000111
41000011
41000101
4100011
121000111
130000111
131000011
131000101
13100011
140000011
140000101
211000111
220000111
221000011
221000101
22100011
230000011
230000101
2400001
301000111
310000111
311000011
311000101
31100011
320000011
320000101
400000111
401000011
401000101
40100011
410000011
410000101
4110001
4200001
2011021
1022011
10013011
1001311
10022011
20030002
20130001
21010003
21020002
21030001
21110002
21120001
30030001
31010002
31020001
31110001
40010002
40020001
40110001
41010001
100004011
100004101
100013011
100013101
10001311
100014001
100103011
100103101
100104001
100113001
200004001
200013001
200103001
202003
212002
221002
420001
10001131
10010041
10010131
1001014
10011031
1001104
10100131
1010023
10110031
1011004
11000131
11010031
1101004
42001
20020111
20020201
2002021
20021011
20100211
20101111
20101201
20102011
20110111
20110201
20111011
20120011
30020011
30100111
30100201
30101011
30110011
2013001
2022001
11001301
100011301
101001301
101021011
110001301
110021011
1000402
1001401
2000401
2001301
100000111
101000011
101000101
110000011
110000101
100031011
100031101
100040011
100040101
10004011
100041001
100130011
100130101
100131001
100140001
101031001
101040001
101120011
101120101
101121001
101130001
110031001
110040001
110120011
110120101
110121001
110130001
111120001
22021
4000111
12000121
14000101
100000141
101000041
101000131
10100014
10200004
102000121
10200013
103000111
10300012
104000101
110000041
110000131
11000014
11100004
112000111
11200012
113000101
100300111
101200111
101300011
101300101
110200111
110300011
110300101
111200011
111200101
200200111
200300011
200300101
20030011
201100111
201200011
201200101
210100111
210200011
210200101
21020011
2103001
211100011
211100101
21110011
2112001
300200011
300200101
301100011
301100101
310100011
310100101
31010011
3102001
400100011
400100101
40010011
4002001
4011001
4101001
20000011
20000101
20100001
21000001
30000001
20200003
20300002
21200002
21300001
30200002
30300001
31200001
40200001
120100003
120200002
120300001
121100002
121200001
130100002
130200001
131100001
140100001
10000114
10100104
11000104
20000014
20000104
20100004
20100013
20100112
21000004
21000013
21000103
21000112
21100012
21100102
21100111
30000004
30100012
31000012
31000102
31100101
40000012
40000102
40100101
4010011
240001
24001
3110002
4010002
4020001
12020002
12030001
12120001
13010002
13020001
13110001
14010001
20004001
20013001
20103001
10101301
2040001
10210111
10220011
10220101
10230001
11210011
11220001
12010111
12020011
12020101
1202011
1203001
12100111
12110011
1212001
12200011
2003002
4000102
4000201
12000112
12000211
1200022
13000102
13000201
100000222
101000122
101000212
102000112
102000202
102000211
10200022
103000102
103000201
110000122
110000212
111000112
112000102
112000201
1001011
1001101
1011001
1101001
10001011
10001101
10010011
10010101
10011001
10101001
10110001
11001001
11010001
2300002
3200002
2101003
2101102
2111002
3100102
3101002
4001002
4001101
4010101
4100101
12001003
12001102
12011002
12011101
12101002
12101101
12111001
13001002
13010101
13011001
13100101
13101001
14001001
200000221
200001121
201000121
201000211
20100022
201001021
201001111
201001201
20100121
210000121
210000211
21000022
210001021
210001111
210001201
21000121
211000021
211000201
21100021
211001011
211001101
300000121
300001021
301000021
301000201
30100021
301001011
301001101
310000021
310000201
31000021
310001011
310001101
3100012
311001001
400000021
400000201
40000021
400001011
400001101
401001001
410001001
4001011
10211011
10211101
11211001
12011011
12101011
12201001
13010011
13200001
20200111
20300011
20300101
21200011
21200101
30200011
30200101
120100111
120200011
120200101
121100011
121100101
130100011
130100101
1302001
21001003
21001012
21001102
31001002
40001002
40001011
40001101
41001001
100001113
101000113
101001013
101001112
110000113
110001013
110001112
111001012
120000013
120000103
120000112
120001003
120001012
120001102
120001111
121000012
121000102
121001002
121001011
121001101
130000012
130000102
130001002
130001011
130001101
131001001
140001001
2004001
2102011
2102101
201004
102000103
102000301
22200001
102100003
102200002
112100002
112200001
122000002
122100001
202000003
202100002
202200001
212000002
212100001
220100002
220200001
221100001
222000001
302000002
302100001
312000001
320100001
10200031
2102002
12002002
12102001
120010003
120010102
120011002
120011101
130010002
130010101
130011001
200001103
200010103
200011003
200011102
210000103
210001003
210001102
210010003
210010102
210011002
210011101
220000102
220001002
220001101
220010002
220010101
220011001
230001001
230010001
300000103
300001003
300001102
300010003
300010102
300011002
310000102
310001002
310010002
310010101
310011001
320001001
320010001
10221001
2121001
12001201
200020003
200030002
201010003
201020002
201030001
210020002
210030001
211010002
211020001
300020002
300030001
301010002
301020001
310020001
311010001
400010002
400020001
401010001
410010001
10200112
10201003
10201012
10201102
10300102
10301002
11201002
100100113
100101013
100101103
100101112
100200013
100200103
100200112
100201003
100201012
100201102
100201111
100300012
100300102
100301002
100301011
100301101
101100013
101100103
101100112
101101003
101101012
101101102
101200012
101200102
101201002
101201011
101201101
101301001
110100013
110100103
110100112
110101003
110101012
110101102
110200012
110200102
110201002
110201011
110201101
110301001
111100012
111100102
111101002
111201001
12001012
22000012
22000102
22001002
21000211
2100022
21001021
21001201
2100121
31000201
3100021
40000201
120000121
120000211
120001021
120001201
121000021
12100012
121000201
12100021
130000021
130000201
21002002
21101002
21102001
31101001
40002001
40101001
1010032
20101021
20110021
21010021
21010111
2101012
21010201
2101021
21011011
21011101
21100201
2110021
21101011
21101101
21110101
21111001
31010101
31011001
10010014
10010104
10020004
10020013
10020112
10030012
10110004
10110013
10120012
11010004
11010013
11020012
100111003
101110003
101111002
102001003
102010003
102011002
102101002
102110002
102111001
103001002
103010002
103011001
103100002
103101001
103110001
104001001
104010001
104100001
110110003
110111002
111110002
112001002
112010002
112011001
112101001
112110001
113001001
113010001
113100001
1001002
2001001
10211002
22100101
102100111
102200011
102200101
112100011
112100101
122000011
122000101
202000111
202100011
202100101
20210011
20220001
212000011
212000101
21210001
220100011
220100101
22010011
22020001
2202001
22110001
302000011
302000101
30210001
32010001
10310002
10310101
10311001
10410001
11310001
100003003
110003002
120002002
120003001
130002001
200002003
200003002
210002002
210003001
220002001
300002002
310002001
1002001
2010031
100110103
100111102
100210003
100210102
100211002
100211101
100310002
100310101
100311001
200100103
200101003
200101102
200110003
200110102
200111002
200200102
200201002
200201101
200210002
200210101
200211001
200301001
200310001
300100102
300101002
300110002
300201001
300210001
20100031
21000031
120010111
120010201
12001021
120011011
130010011
210010111
210010201
210011011
220000201
22000021
220001011
220010011
310010011
1202002
101210002
102210001
110210002
111210001
201110002
201210001
202010002
202110001
210110002
210210001
211110001
212010001
301110001
302010001
310110001
21000202
21000301
22000201
10021012
20020012
20030101
20031001
200030011
200030101
201010111
201020011
201020101
210020011
210020101
211010011
211010101
301010011
301010101
400010011
400010101
100100002
101100001
110100001
200000002
200100001
201000001
210000001
300000001
100200121
100200211
10020022
100201021
100201201
10020121
100300021
100300201
10030021
101200021
101200201
10120021
110200021
110200201
11020021
20100202
20200012
20200021
20200102
20200201
10220002
20201002
20210002
20211001
21011002
21021001
21201001
30201001
100000123
100000213
100001023
100001122
100001212
100002013
100002022
100002112
101001022
101002012
110001022
110002012
120020002
120030001
121010002
121020001
130020001
131010001
140010001
10010002
20000002
20010001
100100023
100100032
101100022
101100031
110100022
110100031
200000023
200000032
200100013
200100022
200100031
201000013
201000022
201000031
201100012
201100021
210000013
210000022
210000031
210100012
210100021
211000012
300000013
300000022
300000031
300100012
300100021
301000012
310000012
102001111
102010111
102011011
102011101
102101011
102101101
102110011
102110101
103001011
103001101
103010011
103010101
103100011
103100101
10310011
112001011
112001101
112010011
112010101
2001004
100102003
100103002
100202002
100203001
100302001
200102002
200202001
1202101
10202011
10202101
10203001
10212001
11202001
12012001
110003011
110003101
120002011
120002101
210002011
210002101
2100031
2200021
100210111
100210201
10021021
100211011
100310011
200200201
20020021
200201011
200210011
40010101
40011001
20001001
100010113
100010212
100011013
100011112
100012012
200000113
200000203
200000212
200001013
200001112
200001202
200002012
200002102
200010013
200010112
200010202
200011012
200012002
300000112
300000202
300001012
300010012
20201101
20210101
20301001
20310001
100100011
100100101
200000011
200000101
100000114
100100014
100100104
101000014
101000104
101100004
110000014
110000104
110100004
111000004
200000014
200000104
200100004
200100112
201000004
201000103
201000112
201100102
210000004
210000112
210100102
211000102
300000004
301000102
10320001
100120003
100130002
100220002
100230001
100320001
101120002
101220001
101310001
110120002
110220001
110310001
100000231
100000321
100001131
100002031
101001031
110001031
21020101
120020011
120020101
121010011
121010101
1002004
2201002
100100041
100100131
200000041
200000131
20010004
200100121
20110012
21010012
100010002
100110001
101010001
200010001
10202002
20202001
10302001
100202011
100202101
10001002
100003012
100003102
100004002
20101012
20201011
22101001
200002021
200010121
200010301
20001031
200011021
300010021
10020031
10000204
100100122
100100212
101100202
110100202
200000122
200100202
20010022
201000202
201100201
210000202
210100201
100220011
100220101
101210011
101210101
110210011
110210101
100020013
100020112
100021012
100030012
100031002
101010013
101010112
101011012
101020012
110010013
110010112
110011012
110020012
111010012
100010011
100010101
100010014
100010104
100110004
100110013
100110112
101010004
101110012
101110102
200010004
200110012
201010012
201010102
201110011
201110101
22010002
100000012
100000102
100003021
100000021
100040002
200020102
200021002
200031001
200040001
100000024
100000042
100000132
10210012
12010012
100020121
100021021
100030021
101020021
110020021
100010122
100110022
100110202
101010022
200010022
200110021
201010021
201010201
22010101
10000042
100000201
21010102
100013002
100023001
100032001
100100311
100100401
101100301
110100301
200100301
20010031
201000301
210000301
123000001
132000001
20100301
10000024
10210021
12010021
12300001
100100203
100100302
100110301
200000302
10010023
10010032
100000312
102300001
103200001
101211001
110211001
201011011
201011101
201101011
201101101
201111001
201201001
210101011
210101101
210110011
210110101
210111001
210201001
211011001
211101001
301011001
301101001
310101001
10040002
10020001
100001002
100011001
100101001
200001001
100000204
100000402
102001012
102001102
22011001
102001201
102010201
102100201
120100201
120101011
120101101
120110011
120110101
120111001
121011001
121101001
121110001
122001001
122010001
100221001
200220001
201021001
201120001
100001011
100001101
100001014
100001104
100011004
100101004
100111012
200001004
200101012
102010102
201001003
201001102
201011002
202000102
202001002
202001101
202010101
202011001
203000002
203000101
203001001
203010001
301001002
302001001
303000001
100001041
100010041
100010131
10001014
100011031
10001104
100101031
100110031
10011004
200001031
200010031
20001004
200101021
100001032
100010023
100010032
100011022
101010031
110010022
110010031
102001021
101003011
101003101
101103001
102002011
102002101
102003001
102102001
110103001
111003001
112002001
120102001
121002001
100101022
100101202
200001022
101003002
102002002
103002001
201002002
201003001
202002001
301002001
10101004
202000201
202001011
202010011
203000011
11001004
101001004
110001004
110010004
23010001
102020002
102030001
103020001
112020001
100001302
100101301
101013001
102012001
110013001
230100001
201002011
201002101
102020011
102020101
100112002
100121002
100212001
200120002
100400002
101400001
110400001
200400001
20040001
120110002
130110001
220110001
221010001
120000001
120000022
120000031
220000012
220000021
100400011
100400101
100102102
100120102
101102002
110102002
110110102
201001012
201101002
210001012
210101002
211001002
20400001
100410001
100200001
120000004
100200022
100200031
200200012
200200021
12000004
100200004
120000202
101004001
110004001
200130001
210120001
21012001
120000301
100200202
100200301
120101002
130101001
220101001
400000102
400001002
400011001
100020001
10002001
100020022
100020031
200020012
200020021
100401001
100020004
202020001
220020001
10002004
211002001
400002001
100102012
203100001
204000001
213000001
102100012
102100021
120100012
120100021
101202001
110202001
12021001
102021001
102120001
102000004
102100102
120100102
402000001
202000012
202000021
202101001
212001001
221001001
120210001
102010012
110110012
101001001
110001001
110010001
102010021
102201001
120201001
400101001
400110001
100002001
100002004
400000012
201102001
210102001
120120001
201012001