13
22
31
100003
100012
100021
10003
200002
200011
20002
300001
30001
103
112
121
202
211
301
1033
2023
2032
3013
3022
3031
10033
11023
11032
12013
12022
12031
13003
13012
13021
1303
20023
20032
21013
21022
21031
22003
22012
22021
2203
23002
23011
2302
30013
30022
30031
31003
31012
31021
3103
32002
32011
3202
33001
3301
133
223
232
313
322
331
1123
1132
1213
1222
1231
1312
1321
2113
2122
2131
2212
2221
2311
3112
3121
3211
1003
1102
1201
2002
2101
3001
1
1000033
1000123
1000132
1000213
1000222
1000231
1000303
1000312
1000321
100033
2000023
2000032
2000113
2000122
2000131
2000203
2000212
2000221
200023
2000302
2000311
200032
3000013
3000022
3000031
3000103
3000112
3000121
300013
3000202
3000211
300022
3000301
300031
101002
102001
201001
100102
100201
200101
1010023
1010032
1020013
1020022
1020031
1030003
1030012
1030021
103003
2010013
2010022
2010031
2020003
2020012
2020021
202003
2030002
2030011
203002
3010003
3010012
3010021
301003
3020002
3020011
302002
3030001
303001
110002
120001
210001
10303
11203
11302
12103
12202
12301
13102
13201
20203
20302
21103
21202
21301
22102
22201
23101
30103
30202
30301
31102
31201
32101
1001023
1001032
1002013
1002022
1002031
1003003
1003012
1003021
100303
2001013
2001022
2001031
2002003
2002012
2002021
200203
2003002
2003011
200302
3001003
3001012
3001021
300103
3002002
3002011
300202
3003001
300301
10102
10201
20101
1010203
1010302
1020103
1020202
1020301
1030102
1030201
2010103
2010202
2010301
2020102
2020201
2030101
3010102
3010201
3020101
1000003
1100002
1200001
2000002
2100001
3000001
10012
10021
20011
1001203
1001302
1002103
1002202
1002301
1003102
1003201
2001103
2001202
2001301
2002102
2002201
2003101
3001102
3001201
3002101
1012
1021
2011
1012003
1013002
1021003
1022002
1023001
1031002
1032001
2011003
2012002
2013001
2021002
2022001
2031001
3011002
3012001
3021001
100123
100132
100213
100222
100231
100312
100321
200113
200122
200131
200212
200221
200311
300112
300121
300211
11002
12001
21001
110023
110032
120013
120022
120031
130003
130012
130021
210013
210022
210031
220003
220012
220021
230002
230011
310003
310012
310021
320002
320011
330001
101023
101032
102013
102022
102031
103012
103021
201013
201022
201031
202012
202021
203011
301012
301021
302011
110203
110302
120103
120202
120301
130102
130201
210103
210202
210301
220102
220201
230101
310102
310201
320101
1100023
1100032
1200013
1200022
1200031
1300003
1300012
1300021
2100013
2100022
2100031
2200003
2200012
2200021
2300002
2300011
3100003
3100012
3100021
3200002
3200011
3300001
101203
101302
102103
102202
102301
103102
103201
201103
201202
201301
202102
202201
203101
301102
301201
302101
112003
113002
121003
122002
123001
131002
132001
211003
212002
213001
221002
222001
231001
311002
312001
321001
1100203
1100302
1200103
1200202
1200301
1300102
1300201
2100103
2100202
2100301
2200102
2200201
2300101
3100102
3100201
3200101
1120003
1130002
1210003
1220002
1230001
1310002
1320001
2110003
2120002
2130001
2210002
2220001
2310001
3110002
3120001
3210001
10123
10132
10213
10222
10231
10312
10321
20113
20122
20131
20212
20221
20311
30112
30121
30211
1102003
1103002
1201003
1202002
1203001
1301002
1302001
2101003
2102002
2103001
2201002
2202001
2301001
3101002
3102001
3201001
1000012
1000021
2000011
1000102
1000201
2000101
1010002
1020001
2010001
1001002
1002001
2001001