3
10002
20001
100002
110001
12
200001
21
1002
2001
101001
102
201
10023
20013
20022
30003
30012
30021
1000023
1010013
1010022
1020003
1020012
1020021
1030002
1030011
103002
2000013
2000022
2010003
2010012
2010021
2020002
2020011
202002
2030001
203001
3000003
3000012
3000021
3010002
3010011
301002
3020001
302001
303
1332
2232
2322
2331
3132
3222
3231
3312
3321
333
10332
11232
11322
11331
12132
12222
12231
12312
12321
1233
13032
13122
13131
13212
13221
1323
13302
13311
20232
20322
20331
21132
21222
21231
21312
21321
2133
22032
22122
22131
22212
22221
2223
22302
22311
23022
23031
23112
23121
2313
23202
23211
23301
30132
30222
30231
30312
30321
3033
31032
31122
31131
31212
31221
3123
31302
31311
32022
32031
32112
32121
3213
32202
32211
32301
33012
33021
3303
33102
33111
33201
12033
21033
22023
30033
31023
32013
102033
111033
112023
112032
120033
121023
121032
122013
122022
122031
130023
130032
131013
131022
131031
132003
132012
132021
13203
201033
202023
202032
210033
211023
211032
212013
212022
212031
220023
220032
221013
221022
221031
222003
222012
222021
22203
230013
230022
230031
231003
231012
231021
23103
232002
232011
300033
301023
301032
302013
302022
302031
310023
310032
311013
311022
311031
312003
312012
312021
31203
320013
320022
320031
321003
321012
321021
32103
322002
322011
330003
330012
330021
33003
331002
331011
332001
123
213
222
312
321
1023
1113
1122
1203
1212
1221
1302
1311
132
2013
2022
2103
2112
2121
2202
2211
2301
231
3003
3012
3021
3102
3111
3201
33
12303
21303
30303
102303
111303
112203
112302
120303
121203
121302
122103
122202
122301
130203
130302
131103
131202
131301
132102
132201
201303
202203
202302
210303
211203
211302
212103
212202
212301
220203
220302
221103
221202
221301
222102
222201
230103
230202
230301
231102
231201
232101
300303
301203
301302
302103
302202
302301
310203
310302
311103
311202
311301
312102
312201
320103
320202
320301
321102
321201
322101
330102
330201
331101
10032
20031
1000032
1010031
102003
2000031
201003
300003
10233
10323
11133
11223
11313
12123
12213
20133
20223
20313
21123
21213
22113
30123
30213
31113
1011
1101
10113
10122
10131
10203
10212
10221
20103
20112
20121
20202
20211
30102
30111
30201
1002003
1003002
1101003
1102002
1103001
1200003
1201002
1202001
1300002
1301001
2001003
2002002
2003001
2100003
2101002
2102001
2200002
2201001
2300001
11001
100023
100032
110013
110022
110031
120003
120012
120021
12003
200013
200022
200031
210003
210012
210021
21003
220002
220011
22002
300012
300021
310002
310011
31002
320001
32001
100203
100302
101103
101202
101301
102102
102201
103101
1032
200103
200202
200301
201102
201201
202101
2031
111
13023
13113
23013
13002
23001
111003
112002
113001
121002
122001
130002
131001
211002
212001
221001
230001
1000233
1000323
1000332
1010133
1010223
1010232
1010313
1010322
1010331
1020033
1020123
1020132
1020213
1020222
1020231
1020303
1020312
1020321
2000133
2000223
2000232
2000313
2000322
2000331
2010033
2010123
2010132
2010213
2010222
2010231
2010303
2010312
2010321
2020023
2020032
2020113
2020122
2020131
2020203
2020212
2020221
2020302
2020311
3000033
3000123
3000132
3000213
3000222
3000231
3000303
3000312
3000321
3010023
3010032
3010113
3010122
3010131
3010203
3010212
3010221
3010302
3010311
3020013
3020022
3020031
3020103
3020112
3020121
3020202
3020211
3020301
10302
11103
11202
11301
12102
12201
20301
21102
21201
22101
31101
110103
110202
110301
120102
120201
130101
210102
210201
220101
103023
103032
203013
203022
203031
303003
303012
303021
1002033
1003023
1003032
1101033
1102023
1102032
1103013
1103022
1103031
1200033
1201023
1201032
1202013
1202022
1202031
1203003
1203012
1203021
1300023
1300032
1301013
1301022
1301031
1302003
1302012
1302021
1303002
1303011
2001033
2002023
2002032
2003013
2003022
2003031
2100033
2101023
2101032
2102013
2102022
2102031
2103003
2103012
2103021
2200023
2200032
2201013
2201022
2201031
2202003
2202012
2202021
2203002
2203011
2300013
2300022
2300031
2301003
2301012
2301021
2302002
2302011
2303001
1000002
1001001
2000001
10011
10311
100233
100323
100332
101133
101223
101232
101313
101322
101331
102123
102132
102213
102222
102231
102312
102321
103113
103122
103131
103203
103212
103221
103302
103311
200133
200223
200232
200313
200322
200331
201123
201132
201213
201222
201231
201312
201321
202113
202122
202131
202212
202221
202311
203103
203112
203121
203202
203211
203301
13101
113013
113022
113031
123003
123012
123021
133002
133011
213003
213012
213021
223002
223011
233001
1131
110223
110313
110322
120123
120213
120222
120312
120321
130113
130122
130212
130221
130311
210123
210213
210222
210312
210321
220113
220122
220212
220221
220311
230112
230121
230211
300123
300213
300222
300312
300321
310113
310122
310212
310221
310311
320112
320121
320211
330111
100101
1001013
1001022
1001031
1002012
1002021
1003011
2001012
2001021
2002011
3001002
3002001
3100002
3101001
3200001
10101
1030203
1030302
1110303
1120203
1120302
1130103
1130202
1130301
1200303
1210203
1210302
1220103
1220202
1220301
1230003
1230102
1230201
2030103
2030202
2030301
2100303
2110203
2110302
2120103
2120202
2120301
2130003
2130102
2130201
2200203
2200302
2210103
2210202
2210301
2220003
2220102
2220201
2230002
2230101
3030003
3030102
3030201
3100203
3100302
3110103
3110202
3110301
3120003
3120102
3120201
3130002
3130101
3200103
3200202
3200301
3210003
3210102
3210201
3220002
3220101
3230001
1100001
313002
313011
323001
1023003
1113003
1122003
1123002
1212003
1213002
1221003
1222002
1223001
1311003
1312002
1313001
1320003
1321002
1322001
2013003
2022003
2023002
2112003
2113002
2121003
2122002
2123001
2211003
2212002
2213001
2221002
2222001
2310003
2311002
2312001
2320002
2321001
3003003
3012003
3013002
3021003
3022002
3023001
3102003
3103002
3111003
3112002
3113001
3121002
3122001
3201003
3202002
3203001
3211002
3212001
3221001
3300003
3301002
3302001
3310002
3311001
3320001
1100013
1100022
1100031
1200012
1200021
1300011
2100012
2100021
2200011
100113
100122
100131
100212
100221
100311
200112
200121
200211
3001011
300102
300201
130011
1002303
1003203
1003302
1011303
1012203
1012302
1013103
1013202
1013301
1021203
1021302
1022103
1022202
1022301
1023102
1023201
1031103
1031202
1031301
1032003
1032102
1032201
1033002
1033101
2001303
2002203
2002302
2003103
2003202
2003301
2011203
2011302
2012103
2012202
2012301
2013102
2013201
2021103
2021202
2021301
2022102
2022201
2023101
2031003
2031102
2031201
2032002
2032101
2033001
1011003
1012002
1013001
1021002
1022001
2011002
2012001
2021001
3011001
1000011
301101
3100011
1011033
1012023
1012032
1013013
1013022
1013031
1021023
1021032
1022013
1022022
1022031
1023012
1023021
2011023
2011032
2012013
2012022
2012031
2013012
2013021
2021013
2021022
2021031
2022012
2022021
2023011
3001023
3001032
3002013
3002022
3002031
3003012
3003021
3011013
3011022
3011031
3012012
3012021
3013011
3021012
3021021
3022011
1000203
1010103
1010202
1020102
1020201
1030101
2000103
2000202
2010102
2010201
2020101
3000102
3000201
3010101
1300203
1300302
1310103
1310202
1310301
1320102
1320201
1330002
1330101
2300103
2300202
2300301
2310102
2310201
2320101
2330001
1110003
1120002
1210002
1220001
1310001
2110002
2120001
2210001
3110001
300111
311001
101013
101022
102012
102021
103011
201012
201021
202011
301011
1030023
1030032
1030113
1030122
1030131
1030212
1030221
2030013
2030022
2030031
2030112
2030121
2030211
3030012
3030021
3030111
301113
301122
301212
301221
301311
302112
302121
302211
303102
303111
303201
1000302
1010301
2000301
1110033
1120023
1120032
1210023
1210032
1220013
1220022
1220031
1310013
1310022
1310031
1320012
1320021
2110023
2110032
2120013
2120022
2120031
2210013
2210022
2210031
2220012
2220021
2310012
2310021
2320011
3100023
3100032
3110013
3110022
3110031
3120012
3120021
3200013
3200022
3200031
3210012
3210021
3220011
3300012
3300021
3310011
1010001
300132
300231
301131
1101303
1102203
1102302
1103103
1103202
1103301
1201203
1201302
1202103
1202202
1202301
1203102
1203201
2101203
2101302
2102103
2102202
2102301
2103102
2103201
2201103
2201202
2201301
2202102
2202201
2203101
3001203
3001302
3002103
3002202
3002301
3003102
3003201
3101103
3101202
3101301
3102102
3102201
3103101
3201102
3201201
3202101
1131003
1132002
1133001
1231002
1232001
2131002
2132001
2231001
3031002
3032001
3131001
110232
110331
120132
120231
130131
210132
210231
220131
310131
3011103
3011202
3011301
3012102
3012201
3021102
3021201
3022101
3031101
113202
113301
123102
123201
133101
213102
213201
223101
313101
1001232
1001322
1001331
1002132
1002222
1002231
1002312
1002321
1003122
1003131
1003212
1003221
1003311
2001132
2001222
2001231
2001312
2001321
2002122
2002131
2002212
2002221
2002311
2003112
2003121
2003211
3001122
3001131
3001212
3001221
3001311
3002112
3002121
3002211
3003111
3013101
1100232
1100322
1100331
1200132
1200222
1200231
1200312
1200321
1300122
1300131
1300212
1300221
1300311
2100132
2100222
2100231
2100312
2100321
2200122
2200131
2200212
2200221
2200311
2300112
2300121
2300211
3100122
3100131
3100212
3100221
3100311
3200112
3200121
3200211
3300102
3300111
3300201
3101022
3101031
3102012
3102021
3103011
3201012
3201021
3202011
3301011
1301202
1301301
1302102
1302201
1303101
2301102
2301201
2302101
3301101
110133
101031
1030311
3310101
113103
11022
11031
12012
12021
13011
21012
21021
22011
31011
310101
1000122
1000131
1000212
1000221
1000311
2000112
2000121
2000211
3000111
1001202
1001301
1002102
1002201
1003101
2001102
2001201
2002101
3001101
1031001
11013
1301103
1100202
1100301
1200102
1200201
1300101
2100102
2100201
2200101
3100101
100011
1130001
1000101
1001223
1001313
1002123
1002213
1003113
2001123
2001213
2002113
3001113
1031013
1031022
1032012
1032021
1033011
2031012
2031021
2032011
3031011
3101013
1331001
1130013
1130022
1130031
1230012
1230021
2130012
2130021
2230011
3130011
1000113
1001103
1001133
1031031
1100133
1100223
1200123
1200213
1300113
2100123
2100213
2200113
3100113
1100103
1100313
1330011